1.42857 0.990078
1.43 0.989805
1.43143 0.99018
1.43287 0.989977
1.4343 0.991648
1.43573 0.989555
1.43716 0.990625
1.43859 0.989477
1.44002 0.990062
1.44146 0.988445
1.44289 0.989703
1.44432 0.989
1.44575 0.989648
1.44718 0.98968
1.44861 0.989734
1.45005 0.989328
1.45148 0.98932
1.45291 0.988969
1.45434 0.988453
1.45577 0.988711
1.4572 0.989094
1.45864 0.988141
1.46007 0.98882
1.4615 0.988477
1.46293 0.987945
1.46436 0.987828
1.46579 0.988258
1.46723 0.988391
1.46866 0.988016
1.47009 0.987594
1.47152 0.987836
1.47295 0.987156
1.47438 0.989352
1.47582 0.987797
1.47725 0.988203
1.47868 0.98857
1.48011 0.987305
1.48154 0.987563
1.48297 0.988211
1.48441 0.986336
1.48584 0.986898
1.48727 0.988266
1.4887 0.987102
1.49013 0.987141
1.49156 0.986563
1.493 0.986078
1.49443 0.986023
1.49586 0.985938
1.49729 0.987969
1.49872 0.987563
1.50015 0.986047
1.50158 0.986773
1.50302 0.985859
1.50445 0.987211
1.50588 0.986062
1.50731 0.985844
1.50874 0.98732
1.51017 0.986383
1.51161 0.985258
1.51304 0.985586
1.51447 0.985734
1.5159 0.986352
1.51733 0.986602
1.51876 0.985313
1.5202 0.986008
1.52163 0.985625
1.52306 0.98457
1.52449 0.983992
1.52592 0.985242
1.52735 0.984984
1.52879 0.985852
1.53022 0.984109
1.53165 0.984883
1.53308 0.983523
1.53451 0.983164
1.53594 0.984828
1.53738 0.983781
1.53881 0.984789
1.54024 0.983187
1.54167 0.982016
1.5431 0.983539
1.54453 0.9845
1.54597 0.984242
1.5474 0.98307
1.54883 0.983094
1.55026 0.982656
1.55169 0.982453
1.55312 0.982727
1.55456 0.982945
1.55599 0.981602
1.55742 0.984859
1.55885 0.983328
1.56028 0.982055
1.56171 0.982602
1.56315 0.981391
1.56458 0.983281
1.56601 0.982523
1.56744 0.982055
1.56887 0.981008
1.5703 0.982016
1.57174 0.981898
1.57317 0.981844
1.5746 0.979711
1.57603 0.981234
1.57746 0.982141
1.57889 0.982203
1.58032 0.980023
1.58176 0.981164
1.58319 0.98125
1.58462 0.980555
1.58605 0.980094
1.58748 0.981391
1.58891 0.980055
1.59035 0.981695
1.59178 0.980289
1.59321 0.979219
1.59464 0.981461
1.59607 0.978586
1.5975 0.980195
1.59894 0.978711
1.60037 0.979719
1.6018 0.978148
1.60323 0.980383
1.60466 0.978594
1.60609 0.977898
1.60753 0.978719
1.60896 0.978195
1.61039 0.977602
1.61182 0.979125
1.61325 0.978938
1.61468 0.980875
1.61612 0.976836
1.61755 0.977594
1.61898 0.977742
1.62041 0.979117
1.62184 0.976445
1.62327 0.977266
1.62471 0.977406
1.62614 0.976562
1.62757 0.977836
1.629 0.978992
1.63043 0.976898
1.63186 0.976898
1.6333 0.976562
1.63473 0.975961
1.63616 0.97525
1.63759 0.977648
1.63902 0.976797
1.64045 0.975672
1.64189 0.975906
1.64332 0.975922
1.64475 0.975953
1.64618 0.977
1.64761 0.976938
1.64904 0.974617
1.65048 0.976406
1.65191 0.974883
1.65334 0.974586
1.65477 0.97507
1.6562 0.973609
1.65763 0.974344
1.65906 0.974875
1.6605 0.974992
1.66193 0.975781
1.66336 0.975672
1.66479 0.974156
1.66622 0.974633
1.66765 0.974016
1.66909 0.973227
1.67052 0.975367
1.67195 0.974305
1.67338 0.971406
1.67481 0.971453
1.67624 0.971625
1.67768 0.972047
1.67911 0.972945
1.68054 0.971844
1.68197 0.973234
1.6834 0.973078
1.68483 0.972102
1.68627 0.973602
1.6877 0.972461
1.68913 0.971406
1.69056 0.973102
1.69199 0.973547
1.69342 0.970633
1.69486 0.971773
1.69629 0.973242
1.69772 0.970109
1.69915 0.970875
1.70058 0.968906
1.70201 0.971836
1.70345 0.970602
1.70488 0.968211
1.70631 0.967078
1.70774 0.969203
1.70917 0.970789
1.7106 0.965367
1.71204 0.968375
1.71347 0.968641
1.7149 0.965789
1.71633 0.967414
1.71776 0.968578
1.71919 0.966148
1.72063 0.966359
1.72206 0.968437
1.72349 0.967523
1.72492 0.965836
1.72635 0.965195
1.72778 0.965477
1.72922 0.966539
1.73065 0.964258
1.73208 0.967437
1.73351 0.967578
1.73494 0.964227
1.73637 0.966742
1.73781 0.963836
1.73924 0.966812
1.74067 0.965492
1.7421 0.965656
1.74353 0.963953
1.74496 0.965453
1.74639 0.966953
1.74783 0.963555
1.74926 0.964609
1.75069 0.966914
1.75212 0.963383
1.75355 0.964016
1.75498 0.960836
1.75642 0.964773
1.75785 0.961266
1.75928 0.965508
1.76071 0.96325
1.76214 0.96275
1.76357 0.962508
1.76501 0.959914
1.76644 0.961359
1.76787 0.962102
1.7693 0.962
1.77073 0.963055
1.77216 0.961195
1.7736 0.961617
1.77503 0.959164
1.77646 0.958031
1.77789 0.959133
1.77932 0.958781
1.78075 0.959023
1.78219 0.955367
1.78362 0.956336
1.78505 0.957492
1.78648 0.956992
1.78791 0.957766
1.78934 0.960148
1.79078 0.957914
1.79221 0.957852
1.79364 0.957539
1.79507 0.959602
1.7965 0.956602
1.79793 0.95568
1.79937 0.960117
1.8008 0.954508
1.80223 0.960086
1.80366 0.957203
1.80509 0.954906
1.80652 0.955313
1.80796 0.955852
1.80939 0.954672
1.81082 0.956516
1.81225 0.956625
1.81368 0.953867
1.81511 0.952648
1.81655 0.955531
1.81798 0.953844
1.81941 0.954781
1.82084 0.956156
1.82227 0.954086
1.8237 0.954
1.82513 0.952961
1.82657 0.953445
1.828 0.950406
1.82943 0.949469
1.83086 0.950555
1.83229 0.953852
1.83372 0.949648
1.83516 0.949391
1.83659 0.952164
1.83802 0.954281
1.83945 0.949344
1.84088 0.948578
1.84231 0.948719
1.84375 0.949875
1.84518 0.951047
1.84661 0.950477
1.84804 0.950328
1.84947 0.949836
1.8509 0.951
1.85234 0.944336
1.85377 0.944961
1.8552 0.947195
1.85663 0.946633
1.85806 0.94707
1.85949 0.945453
1.86093 0.943445
1.86236 0.945516
1.86379 0.945539
1.86522 0.943656
1.86665 0.948477
1.86808 0.944234
1.86952 0.947172
1.87095 0.945258
1.87238 0.946586
1.87381 0.942344
1.87524 0.944086
1.87667 0.942195
1.87811 0.941914
1.87954 0.946523
1.88097 0.94082
1.8824 0.940438
1.88383 0.940125
1.88526 0.943695
1.8867 0.94482
1.88813 0.941578
1.88956 0.938492
1.89099 0.943156
1.89242 0.938187
1.89385 0.938102
1.89529 0.938641
1.89672 0.940836
1.89815 0.937109
1.89958 0.941711
1.90101 0.9365
1.90244 0.938641
1.90387 0.943375
1.90531 0.938297
1.90674 0.934133
1.90817 0.934906
1.9096 0.939461
1.91103 0.93507
1.91246 0.93393
1.9139 0.93775
1.91533 0.938414
1.91676 0.934531
1.91819 0.931922
1.91962 0.92975
1.92105 0.933789
1.92249 0.937805
1.92392 0.936633
1.92535 0.932508
1.92678 0.929297
1.92821 0.932672
1.92964 0.933141
1.93108 0.932383
1.93251 0.930937
1.93394 0.935406
1.93537 0.930133
1.9368 0.928117
1.93823 0.928906
1.93967 0.923875
1.9411 0.926578
1.94253 0.928961
1.94396 0.927703
1.94539 0.924703
1.94682 0.930469
1.94826 0.930711
1.94969 0.92225
1.95112 0.925461
1.95255 0.929641
1.95398 0.923422
1.95541 0.922008
1.95685 0.925594
1.95828 0.92525
1.95971 0.927719
1.96114 0.928641
1.96257 0.925406
1.964 0.926391
1.96544 0.921266
1.96687 0.921703
1.9683 0.917102
1.96973 0.928328
1.97116 0.917383
1.97259 0.916453
1.97403 0.914445
1.97546 0.923188
1.97689 0.922961
1.97832 0.917836
1.97975 0.918125
1.98118 0.91775
1.98261 0.916148
1.98405 0.915547
1.98548 0.916117
1.98691 0.914102
1.98834 0.91957
1.98977 0.917797
1.9912 0.91557
1.99264 0.912336
1.99407 0.907375
1.9955 0.915867
1.99693 0.916633
1.99836 0.911094
1.99979 0.909742
2.00123 0.910633
2.00266 0.907844
2.00409 0.904188
2.00552 0.910414
2.00695 0.911227
2.00838 0.904117
2.00982 0.909445
2.01125 0.907984
2.01268 0.908953
2.01411 0.901602
2.01554 0.905758
2.01697 0.90418
2.01841 0.91075
2.01984 0.910445
2.02127 0.903797
2.0227 0.898828
2.02413 0.898836
2.02556 0.903398
2.027 0.906648
2.02843 0.892148
2.02986 0.901586
2.03129 0.898961
2.03272 0.905641
2.03415 0.882922
2.03559 0.903594
2.03702 0.890813
2.03845 0.893609
2.03988 0.895422
2.04131 0.896867
2.04274 0.902
2.04418 0.897633
2.04561 0.90125
2.04704 0.893555
2.04847 0.893227
2.0499 0.895797
2.05133 0.892156
2.05277 0.887961
2.0542 0.903219
2.05563 0.894719
2.05706 0.88932
2.05849 0.887078
2.05992 0.894375
2.06135 0.889578
2.06279 0.894703
2.06422 0.889672
2.06565 0.890109
2.06708 0.890883
2.06851 0.89032
2.06994 0.883664
2.07138 0.879227
2.07281 0.877523
2.07424 0.87818
2.07567 0.881977
2.0771 0.882203
2.07853 0.880727
2.07997 0.883234
2.0814 0.881062
2.08283 0.876039
2.08426 0.878164
2.08569 0.86768
2.08712 0.879938
2.08856 0.882477
2.08999 0.877242
2.09142 0.871305
2.09285 0.873031
2.09428 0.877297
2.09571 0.868422
2.09715 0.860148
2.09858 0.8745
2.10001 0.863219
2.10144 0.869906
2.10287 0.872383
2.1043 0.876844
2.10574 0.860586
2.10717 0.871156
2.1086 0.854352
2.11003 0.862703
2.11146 0.869453
2.11289 0.857641
2.11433 0.859797
2.11576 0.852031
2.11719 0.865055
2.11862 0.856469
2.12005 0.853773
2.12148 0.855922
2.12292 0.860875
2.12435 0.849805
2.12578 0.860773
2.12721 0.847234
2.12864 0.848359
2.13007 0.853812
2.13151 0.850211
2.13294 0.853586
2.13437 0.844352
2.1358 0.845891
2.13723 0.838047
2.13866 0.839789
2.1401 0.848203
2.14153 0.843781
2.14296 0.849695
2.14439 0.852508
2.14582 0.829883
2.14725 0.834937
2.14868 0.836141
2.15012 0.825906
2.15155 0.825438
2.15298 0.840195
2.15441 0.844078
2.15584 0.831156
2.15727 0.836883
2.15871 0.823187
2.16014 0.828031
2.16157 0.807109
2.163 0.822531
2.16443 0.816898
2.16586 0.829281
2.1673 0.810438
2.16873 0.81532
2.17016 0.800438
2.17159 0.820227
2.17302 0.813867
2.17445 0.820086
2.17589 0.820367
2.17732 0.807547
2.17875 0.809766
2.18018 0.822672
2.18161 0.828414
2.18304 0.817867
2.18448 0.796672
2.18591 0.814664
2.18734 0.797719
2.18877 0.775086
2.1902 0.807211
2.19163 0.806352
2.19307 0.795414
2.1945 0.812625
2.19593 0.802375
2.19736 0.790016
2.19879 0.801727
2.20022 0.810117
2.20166 0.796047
2.20309 0.793961
2.20452 0.775883
2.20595 0.791875
2.20738 0.796227
2.20881 0.812633
2.21025 0.803164
2.21168 0.792609
2.21311 0.789
2.21454 0.788508
2.21597 0.768352
2.2174 0.778188
2.21884 0.773453
2.22027 0.770938
2.2217 0.766055
2.22313 0.780516
2.22456 0.777742
2.22599 0.77007
2.22742 0.777555
2.22886 0.753297
2.23029 0.763484
2.23172 0.74275
2.23315 0.744391
2.23458 0.760992
2.23601 0.740844
2.23745 0.770242
2.23888 0.74618
2.24031 0.754563
2.24174 0.726383
2.24317 0.757836
2.2446 0.717219
2.24604 0.760117
2.24747 0.756023
2.2489 0.732781
2.25033 0.750211
2.25176 0.733055
2.25319 0.747453
2.25463 0.728547
2.25606 0.718383
2.25749 0.740898
2.25892 0.746883
2.26035 0.711086
2.26178 0.732102
2.26322 0.735773
2.26465 0.722469
2.26608 0.705508
2.26751 0.710094
2.26894 0.71282
2.27037 0.688172
2.27181 0.729672
2.27324 0.688078
2.27467 0.69575
2.2761 0.681391
2.27753 0.686344
2.27896 0.693805
2.2804 0.676508
2.28183 0.694375
2.28326 0.687211
2.28469 0.663891
2.28612 0.681187
2.28755 0.656922
2.28899 0.690227
2.29042 0.708805
2.29185 0.706344
2.29328 0.692367
2.29471 0.702594
2.29614 0.658727
2.29758 0.661906
2.29901 0.661555
2.30044 0.672992
2.30187 0.666188
2.3033 0.691906
2.30473 0.668992
2.30616 0.651836
2.3076 0.618805
2.30903 0.639664
2.31046 0.647219
2.31189 0.63975
2.31332 0.642266
2.31475 0.625672
2.31619 0.649805
2.31762 0.637461
2.31905 0.633477
2.32048 0.612773
2.32191 0.63943
2.32334 0.622992
2.32478 0.629031
2.32621 0.632891
2.32764 0.627242
2.32907 0.62918
2.3305 0.620211
2.33193 0.608273
2.33337 0.625617
2.3348 0.606414
2.33623 0.620687
2.33766 0.652344
2.33909 0.623016
2.34052 0.609875
2.34196 0.619008
2.34339 0.624234
2.34482 0.564258
2.34625 0.59757
2.34768 0.584023
2.34911 0.603367
2.35055 0.585227
2.35198 0.588625
2.35341 0.579258
2.35484 0.56575
2.35627 0.569336
2.3577 0.551047
2.35914 0.584797
2.36057 0.584953
2.362 0.572203
2.36343 0.577969
2.36486 0.57132
2.36629 0.578094
2.36773 0.555086
2.36916 0.552914
2.37059 0.554
2.37202 0.568602
2.37345 0.54093
2.37488 0.569945
2.37632 0.550414
2.37775 0.554406
2.37918 0.562023
2.38061 0.547633
2.38204 0.513094
2.38347 0.5225
2.3849 0.519414
2.38634 0.533297
2.38777 0.527563
2.3892 0.529461
2.39063 0.545297
2.39206 0.51832
2.39349 0.514188
2.39493 0.522781
2.39636 0.514844
2.39779 0.533203
2.39922 0.515203
2.40065 0.497641
2.40208 0.513617
2.40352 0.489266
2.40495 0.538656
2.40638 0.521516
2.40781 0.490805
2.40924 0.535937
2.41067 0.505828
2.41211 0.480773
2.41354 0.503578
2.41497 0.536234
2.4164 0.484078
2.41783 0.506352
2.41926 0.470469
2.4207 0.511055
2.42213 0.489469
2.42356 0.484766
2.42499 0.509758
2.42642 0.484266
2.42785 0.476961
2.42929 0.486656
2.43072 0.491352
2.43215 0.473727
2.43358 0.473187
2.43501 0.474406
2.43644 0.452688
2.43788 0.461266
2.43931 0.453055
2.44074 0.4605
2.44217 0.46257
2.4436 0.447141
2.44503 0.457672
2.44647 0.481078
2.4479 0.450805
2.44933 0.4315
2.45076 0.456273
2.45219 0.450414
2.45362 0.438109
2.45506 0.430266
2.45649 0.435828
2.45792 0.437547
2.45935 0.441648
2.46078 0.472172
2.46221 0.437898
2.46365 0.405977
2.46508 0.419703
2.46651 0.443367
2.46794 0.416719
2.46937 0.445719
2.4708 0.414125
2.47223 0.421867
2.47367 0.410352
2.4751 0.427375
2.47653 0.419219
2.47796 0.409
2.47939 0.414211
2.48082 0.387906
2.48226 0.368547
2.48369 0.409094
2.48512 0.415148
2.48655 0.417305
2.48798 0.395391
2.48941 0.381453
2.49085 0.406773
2.49228 0.390656
2.49371 0.39793
2.49514 0.394125
2.49657 0.402125
2.498 0.391164
2.49944 0.390086
2.50087 0.379188
2.5023 0.386336
2.50373 0.397805
2.50516 0.389961
2.50659 0.399055
2.50803 0.353516
2.50946 0.383305
2.51089 0.383758
2.51232 0.374547
2.51375 0.363586
2.51518 0.362367
2.51662 0.396523
2.51805 0.364945
2.51948 0.372852
2.52091 0.377148
2.52234 0.373664
2.52377 0.351906
2.52521 0.382344
2.52664 0.339578
2.52807 0.35757
2.5295 0.370328
2.53093 0.361125
2.53236 0.355828
2.5338 0.390984
2.53523 0.36243
2.53666 0.351945
2.53809 0.345367
2.53952 0.341102
2.54095 0.35118
2.54239 0.351914
2.54382 0.342281
2.54525 0.355789
2.54668 0.344242
2.54811 0.332656
2.54954 0.329922
2.55097 0.327672
2.55241 0.327789
2.55384 0.344594
2.55527 0.344984
2.5567 0.334414
2.55813 0.352633
2.55956 0.348461
2.561 0.323758
2.56243 0.301992
2.56386 0.345758
2.56529 0.318688
2.56672 0.330523
2.56815 0.332437
2.56959 0.320242
2.57102 0.313906
2.57245 0.323562
2.57388 0.330586
2.57531 0.331109
2.57674 0.302055
2.57818 0.327297
2.57961 0.30975
2.58104 0.307867
2.58247 0.324648
2.5839 0.31007
2.58533 0.300953
2.58677 0.306945
2.5882 0.319219
2.58963 0.332148
2.59106 0.323516
2.59249 0.303938
2.59392 0.300148
2.59536 0.300141
2.59679 0.298195
2.59822 0.320703
2.59965 0.298047
2.60108 0.31725
2.60251 0.301742
2.60395 0.290305
2.60538 0.297422
2.60681 0.302016
2.60824 0.291203
2.60967 0.285008
2.6111 0.306031
2.61254 0.28825
2.61397 0.303211
2.6154 0.284805
2.61683 0.282445
2.61826 0.277148
2.61969 0.274453
2.62113 0.279141
2.62256 0.294602
2.62399 0.304492
2.62542 0.294609
2.62685 0.281117
2.62828 0.300938
2.62971 0.283906
2.63115 0.285984
2.63258 0.280219
2.63401 0.274187
2.63544 0.302289
2.63687 0.277773
2.6383 0.264313
2.63974 0.283836
2.64117 0.283687
2.6426 0.279297
2.64403 0.259492
2.64546 0.268758
2.64689 0.280789
2.64833 0.293609
2.64976 0.276695
2.65119 0.272055
2.65262 0.268633
2.65405 0.287539
2.65548 0.281883
2.65692 0.271031
2.65835 0.264859
2.65978 0.275305
2.66121 0.265258
2.66264 0.263352
2.66407 0.280086
2.66551 0.262805
2.66694 0.259398
2.66837 0.249094
2.6698 0.260508
2.67123 0.266523
2.67266 0.275398
2.6741 0.255672
2.67553 0.26157
2.67696 0.261383
2.67839 0.248203
2.67982 0.252141
2.68125 0.268375
2.68269 0.254305
2.68412 0.255227
2.68555 0.248938
2.68698 0.253422
2.68841 0.240922
2.68984 0.256508
2.69128 0.257836
2.69271 0.247617
2.69414 0.256312
2.69557 0.257133
2.697 0.257164
2.69843 0.252781
2.69987 0.249758
2.7013 0.247508
2.70273 0.235617
2.70416 0.250844
2.70559 0.245695
2.70702 0.254688
2.70845 0.253414
2.70989 0.242734
2.71132 0.248961
2.71275 0.247773
2.71418 0.223656
2.71561 0.249094
2.71704 0.232563
2.71848 0.244289
2.71991 0.260625
2.72134 0.237273
2.72277 0.248406
2.7242 0.233297
2.72563 0.234609
2.72707 0.232711
2.7285 0.242828
2.72993 0.228992
2.73136 0.24782
2.73279 0.243023
2.73422 0.224164
2.73566 0.22607
2.73709 0.234344
2.73852 0.221703
2.73995 0.237414
2.74138 0.244625
2.74281 0.251328
2.74425 0.225273
2.74568 0.239227
2.74711 0.225312
2.74854 0.246422
2.74997 0.216961
2.7514 0.236547
2.75284 0.237734
2.75427 0.231086
2.7557 0.233844
2.75713 0.232203
2.75856 0.229367
2.75999 0.226414
2.76143 0.225914
2.76286 0.237727
2.76429 0.222688
2.76572 0.226109
2.76715 0.219656
2.76858 0.21625
2.77002 0.223016
2.77145 0.231609
2.77288 0.208578
2.77431 0.219391
2.77574 0.216109
2.77717 0.222562
2.77861 0.216258
2.78004 0.229656
2.78147 0.223938
2.7829 0.223531
2.78433 0.213242
2.78576 0.213484
2.78719 0.215695
2.78863 0.223117
2.79006 0.212453
2.79149 0.214953
2.79292 0.209266
2.79435 0.217719
2.79578 0.219773
2.79722 0.214336
2.79865 0.209617
2.80008 0.221906
2.80151 0.205828
2.80294 0.208227
2.80437 0.216727
2.80581 0.213961
2.80724 0.211891
2.80867 0.21082
2.8101 0.208086
2.81153 0.197187
2.81296 0.206461
2.8144 0.214078
2.81583 0.207883
2.81726 0.215039
2.81869 0.218578
2.82012 0.220789
2.82155 0.206547
2.82299 0.1995
2.82442 0.203805
2.82585 0.204453
2.82728 0.198414
2.82871 0.204633
2.83014 0.193758
2.83158 0.204719
2.83301 0.206773
2.83444 0.193391
2.83587 0.205477
2.8373 0.207344
2.83873 0.210648
2.84017 0.190781
2.8416 0.204305
2.84303 0.196961
2.84446 0.208016
2.84589 0.201984
2.84732 0.20457
2.84876 0.200836
2.85019 0.190469
2.85162 0.200953
2.85305 0.199953
2.85448 0.208516
2.85591 0.198937
2.85735 0.195625
2.85878 0.196461
2.86021 0.19532
2.86164 0.200523
2.86307 0.201953
2.8645 0.210742
2.86594 0.203555
2.86737 0.196555
2.8688 0.203594
2.87023 0.191875
2.87166 0.195805
2.87309 0.193625
2.87452 0.193
2.87596 0.197172
2.87739 0.193523
2.87882 0.192219
2.88025 0.202258
2.88168 0.205687
2.88311 0.195664
2.88455 0.198344
2.88598 0.190008
2.88741 0.201047
2.88884 0.19718
2.89027 0.185102
2.8917 0.188734
2.89314 0.196586
2.89457 0.191297
2.896 0.186617
2.89743 0.197289
2.89886 0.179625
2.90029 0.189891
2.90173 0.19068
2.90316 0.190156
2.90459 0.183453
2.90602 0.191086
2.90745 0.196555
2.90888 0.18507
2.91032 0.185172
2.91175 0.191766
2.91318 0.184188
2.91461 0.187672
2.91604 0.191953
2.91747 0.189172
2.91891 0.176969
2.92034 0.183602
2.92177 0.182977
2.9232 0.185297
2.92463 0.182305
2.92606 0.186945
2.9275 0.182023
2.92893 0.190555
2.93036 0.183984
2.93179 0.181039
2.93322 0.181914
2.93465 0.185656
2.93609 0.183109
2.93752 0.179102
2.93895 0.177937
2.94038 0.177
2.94181 0.177758
2.94324 0.181484
2.94468 0.183977
2.94611 0.181117
2.94754 0.1835
2.94897 0.182406
2.9504 0.169937
2.95183 0.186898
2.95326 0.175406
2.9547 0.186734
2.95613 0.171
2.95756 0.181062
2.95899 0.170734
2.96042 0.17975
2.96185 0.179484
2.96329 0.181445
2.96472 0.181352
2.96615 0.171508
2.96758 0.178414
2.96901 0.175953
2.97044 0.177313
2.97188 0.180461
2.97331 0.186758
2.97474 0.174211
2.97617 0.174781
2.9776 0.177672
2.97903 0.176141
2.98047 0.171672
2.9819 0.169898
2.98333 0.16925
2.98476 0.173227
2.98619 0.181641
2.98762 0.177734
2.98906 0.165219
2.99049 0.179797
2.99192 0.17368
2.99335 0.171914
2.99478 0.172391
2.99621 0.178508
2.99765 0.171508
2.99908 0.170992
3.00051 0.166094
3.00194 0.164391
3.00337 0.170313
3.0048 0.164828
3.00624 0.172875
3.00767 0.167352
3.0091 0.173578
3.01053 0.172813
3.01196 0.175344
3.01339 0.162359
3.01483 0.167625
3.01626 0.177031
3.01769 0.167937
3.01912 0.160641
3.02055 0.163023
3.02198 0.162133
3.02342 0.172672
3.02485 0.169789
3.02628 0.167586
3.02771 0.166563
3.02914 0.168906
3.03057 0.170797
3.032 0.174141
3.03344 0.169289
3.03487 0.170742
3.0363 0.173984
3.03773 0.169578
3.03916 0.162703
3.04059 0.168117
3.04203 0.162219
3.04346 0.170859
3.04489 0.162359
3.04632 0.16668
3.04775 0.164375
3.04918 0.159758
3.05062 0.157031
3.05205 0.165469
3.05348 0.1625
3.05491 0.162344
3.05634 0.166586
3.05777 0.166859
3.05921 0.155891
3.06064 0.168172
3.06207 0.160461
3.0635 0.158977
3.06493 0.171578
3.06636 0.156211
3.0678 0.152008
3.06923 0.161797
3.07066 0.163898
3.07209 0.165016
3.07352 0.160938
3.07495 0.157734
3.07639 0.160156
3.07782 0.158508
3.07925 0.163609
3.08068 0.164367
3.08211 0.160242
3.08354 0.163188
3.08498 0.157922
3.08641 0.161266
3.08784 0.153133
3.08927 0.15882
3.0907 0.166711
3.09213 0.160906
3.09357 0.148375
3.095 0.162438
3.09643 0.158859
3.09786 0.164125
3.09929 0.147437
3.10072 0.15475
3.10216 0.157805
3.10359 0.155734
3.10502 0.164305
3.10645 0.158102
3.10788 0.160008
3.10931 0.156891
3.11074 0.152578
3.11218 0.157648
3.11361 0.155898
3.11504 0.163391
3.11647 0.162172
3.1179 0.157523
3.11933 0.156867
3.12077 0.156336
3.1222 0.153875
3.12363 0.156039
3.12506 0.157039
3.12649 0.153961
3.12792 0.152875
3.12936 0.154227
3.13079 0.15418
3.13222 0.155008
3.13365 0.150477
3.13508 0.149398
3.13651 0.145383
3.13795 0.15943
3.13938 0.155734
3.14081 0.16157
3.14224 0.147477
3.14367 0.147719
3.1451 0.156969
3.14654 0.160016
3.14797 0.153203
3.1494 0.147367
3.15083 0.151797
3.15226 0.154719
3.15369 0.152742
3.15513 0.15368
3.15656 0.153148
3.15799 0.146687
3.15942 0.15475
3.16085 0.146375
3.16228 0.15625
3.16372 0.156422
3.16515 0.154125
3.16658 0.151688
3.16801 0.146953
3.16944 0.147883
3.17087 0.150727
3.17231 0.152766
3.17374 0.152523
3.17517 0.15357
3.1766 0.149477
3.17803 0.143969
3.17946 0.146555
3.1809 0.154
3.18233 0.150641
3.18376 0.148359
3.18519 0.147266
3.18662 0.146398
3.18805 0.15057
3.18948 0.144281
3.19092 0.149312
3.19235 0.142242
3.19378 0.154352
3.19521 0.148789
3.19664 0.141367
3.19807 0.145937
3.19951 0.146719
3.20094 0.144687
3.20237 0.14168
3.2038 0.143375
3.20523 0.146992
3.20666 0.145313
3.2081 0.141984
3.20953 0.140703
3.21096 0.143703
3.21239 0.150281
3.21382 0.151352
3.21525 0.152867
3.21669 0.140703
3.21812 0.145539
3.21955 0.143602
3.22098 0.142977
3.22241 0.149211
3.22384 0.143273
3.22528 0.142977
3.22671 0.140984
3.22814 0.142375
3.22957 0.142398
3.231 0.139086
3.23243 0.151391
3.23387 0.144781
3.2353 0.136398
3.23673 0.145508
3.23816 0.15107
3.23959 0.141477
3.24102 0.144578
3.24246 0.146836
3.24389 0.141102
3.24532 0.142531
3.24675 0.139555
3.24818 0.145437
3.24961 0.136461
3.25105 0.148539
3.25248 0.139133
3.25391 0.142664
3.25534 0.148602
3.25677 0.141805
3.2582 0.141391
3.25964 0.141273
3.26107 0.141148
3.2625 0.14325
3.26393 0.137414
3.26536 0.150258
3.26679 0.138664
3.26823 0.141281
3.26966 0.138633
3.27109 0.134953
3.27252 0.139078
3.27395 0.138617
3.27538 0.140883
3.27681 0.135492
3.27825 0.141281
3.27968 0.135516
3.28111 0.139758
3.28254 0.137031
3.28397 0.141547
3.2854 0.138758
3.28684 0.137039
3.28827 0.134711
3.2897 0.137977
3.29113 0.141648
3.29256 0.135227
3.29399 0.144164
3.29543 0.137852
3.29686 0.136758
3.29829 0.141539
3.29972 0.138172
3.30115 0.132133
3.30258 0.144133
3.30402 0.135773
3.30545 0.142391
3.30688 0.135758
3.30831 0.141758
3.30974 0.130789
3.31117 0.137852
3.31261 0.138273
3.31404 0.137945
3.31547 0.140461
3.3169 0.140836
3.31833 0.143984
3.31976 0.127
3.3212 0.129773
3.32263 0.12982
3.32406 0.135328
3.32549 0.138117
3.32692 0.129359
3.32835 0.135039
3.32979 0.135672
3.33122 0.138047
3.33265 0.138672
3.33408 0.135227
3.33551 0.134914
3.33694 0.134023
3.33838 0.131227
3.33981 0.133555
3.34124 0.135805
3.34267 0.133984
3.3441 0.136633
3.34553 0.133391
3.34697 0.134891
3.3484 0.133883
3.34983 0.13232
3.35126 0.132547
3.35269 0.131516
3.35412 0.137164
3.35555 0.132383
3.35699 0.125883
3.35842 0.131016
3.35985 0.123578
3.36128 0.127625
3.36271 0.13307
3.36414 0.129094
3.36558 0.131531
3.36701 0.129203
3.36844 0.131031
3.36987 0.128102
3.3713 0.133797
3.37273 0.129539
3.37417 0.136102
3.3756 0.127312
3.37703 0.130781
3.37846 0.126023
3.37989 0.135391
3.38132 0.12382
3.38276 0.130234
3.38419 0.137891
3.38562 0.129914
3.38705 0.135187
3.38848 0.132484
3.38991 0.122961
3.39135 0.130555
3.39278 0.133008
3.39421 0.131953
3.39564 0.137266
3.39707 0.123836
3.3985 0.137086
3.39994 0.130914
3.40137 0.135227
3.4028 0.128094
3.40423 0.127727
3.40566 0.126617
3.40709 0.130438
3.40853 0.124688
3.40996 0.133141
3.41139 0.127297
3.41282 0.133219
3.41425 0.13275
3.41568 0.131023
3.41712 0.131336
3.41855 0.129008
3.41998 0.132766
3.42141 0.125094
3.42284 0.126531
3.42427 0.125523
3.42571 0.123328
3.42714 0.126844
3.42857 0.127258
3.43 0.12718
3.43143 0.130977
3.43286 0.123266
3.43429 0.124445
3.43573 0.124844
3.43716 0.126961
3.43859 0.130969
3.44002 0.123984
3.44145 0.125727
3.44288 0.127281
3.44432 0.130492
3.44575 0.124078
3.44718 0.13043
3.44861 0.123578
3.45004 0.123469
3.45147 0.129938
3.45291 0.126969
3.45434 0.121414
3.45577 0.126797
3.4572 0.128109
3.45863 0.125336
3.46006 0.126961
3.4615 0.123727
3.46293 0.128414
3.46436 0.119578
3.46579 0.12243
3.46722 0.135117
3.46865 0.12582
3.47009 0.125688
3.47152 0.127234
3.47295 0.120602
3.47438 0.124289
3.47581 0.121555
3.47724 0.123039
3.47868 0.129938
3.48011 0.122836
3.48154 0.117977
3.48297 0.124336
3.4844 0.121805
3.48583 0.128938
3.48727 0.123328
3.4887 0.126352
3.49013 0.122148
3.49156 0.130297
3.49299 0.124195
3.49442 0.121953
3.49586 0.118328
3.49729 0.123203
3.49872 0.123492
3.50015 0.120602
3.50158 0.123141
3.50301 0.123859
3.50445 0.126336
3.50588 0.129148
3.50731 0.129891
3.50874 0.112797
3.51017 0.128766
3.5116 0.120266
3.51303 0.118469
3.51447 0.124477
3.5159 0.123375
3.51733 0.12432
3.51876 0.12368
3.52019 0.119945
3.52162 0.115125
3.52306 0.120273
3.52449 0.118531
3.52592 0.114773
3.52735 0.117445
3.52878 0.121852
3.53021 0.123008
3.53165 0.125852
3.53308 0.120594
3.53451 0.123781
3.53594 0.126992
3.53737 0.121203
3.5388 0.124953
3.54024 0.120375
3.54167 0.122219
3.5431 0.124914
3.54453 0.12325
3.54596 0.126625
3.54739 0.122617
3.54883 0.118484
3.55026 0.121078
3.55169 0.125375
3.55312 0.118938
3.55455 0.124828
3.55598 0.12493
3.55742 0.11707
3.55885 0.121195
3.56028 0.124563
3.56171 0.123688
3.56314 0.125547
3.56457 0.119414
3.56601 0.122109
3.56744 0.124141
3.56887 0.12143
3.5703 0.118383
3.57173 0.116125
3.57316 0.124773
3.5746 0.122352
3.57603 0.119391
3.57746 0.122531
3.57889 0.124172
3.58032 0.119703
3.58175 0.118141
3.58319 0.119867
3.58462 0.117844
3.58605 0.117078
3.58748 0.114805
3.58891 0.119477
3.59034 0.121063
3.59177 0.118703
3.59321 0.122688
3.59464 0.119508
3.59607 0.120086
3.5975 0.119211
3.59893 0.121266
3.60036 0.11168
3.6018 0.115219
3.60323 0.120242
3.60466 0.113953
3.60609 0.127703
3.60752 0.116477
3.60895 0.115773
3.61039 0.115656
3.61182 0.117266
3.61325 0.122031
3.61468 0.119445
3.61611 0.120547
3.61754 0.116062
3.61898 0.118641
3.62041 0.120547
3.62184 0.109516
3.62327 0.115953
3.6247 0.114656
3.62613 0.115656
3.62757 0.120195
3.629 0.116492
3.63043 0.120195
3.63186 0.117406
3.63329 0.113891
3.63472 0.121586
3.63616 0.114484
3.63759 0.113852
3.63902 0.117586
3.64045 0.113297
3.64188 0.115906
3.64331 0.116945
3.64475 0.118273
3.64618 0.111672
3.64761 0.120094
3.64904 0.114586
3.65047 0.118422
3.6519 0.11282
3.65334 0.120352
3.65477 0.116672
3.6562 0.113203
3.65763 0.116281
3.65906 0.118867
3.66049 0.116953
3.66193 0.116695
3.66336 0.121875
3.66479 0.114906
3.66622 0.114367
3.66765 0.116289
3.66908 0.118438
3.67052 0.117047
3.67195 0.117531
3.67338 0.116687
3.67481 0.11143
3.67624 0.112492
3.67767 0.116055
3.6791 0.115375
3.68054 0.117359
3.68197 0.116508
3.6834 0.118969
3.68483 0.114859
3.68626 0.115055
3.68769 0.11282
3.68913 0.112289
3.69056 0.117367
3.69199 0.117008
3.69342 0.115875
3.69485 0.111164
3.69628 0.116992
3.69772 0.114922
3.69915 0.113484
3.70058 0.116344
3.70201 0.112812
3.70344 0.113187
3.70487 0.118563
3.70631 0.111414
3.70774 0.111391
3.70917 0.115664
3.7106 0.11507
3.71203 0.115367
3.71346 0.117109
3.7149 0.118453
3.71633 0.114625
3.71776 0.113352
3.71919 0.114117
3.72062 0.118305
3.72205 0.114398
3.72349 0.112023
3.72492 0.111727
3.72635 0.117109
3.72778 0.112891
3.72921 0.109289
3.73064 0.114125
3.73208 0.117617
3.73351 0.112656
3.73494 0.113375
3.73637 0.110586
3.7378 0.114539
3.73923 0.119641
3.74067 0.112352
3.7421 0.110828
3.74353 0.108313
3.74496 0.112523
3.74639 0.107633
3.74782 0.108008
3.74926 0.113453
3.75069 0.119336
3.75212 0.113555
3.75355 0.107695
3.75498 0.113258
3.75641 0.108805
3.75784 0.110867
3.75928 0.110367
3.76071 0.110398
3.76214 0.110359
3.76357 0.113352
3.765 0.113969
3.76643 0.109273
3.76787 0.107586
3.7693 0.113109
3.77073 0.113398
3.77216 0.109461
3.77359 0.109219
3.77502 0.11375
3.77646 0.11282
3.77789 0.108469
3.77932 0.114086
3.78075 0.111992
3.78218 0.107469
3.78361 0.109609
3.78505 0.115617
3.78648 0.111414
3.78791 0.107789
3.78934 0.107422
3.79077 0.110977
3.7922 0.109906
3.79364 0.107445
3.79507 0.110945
3.7965 0.10918
3.79793 0.111633
3.79936 0.108391
3.80079 0.111383
3.80223 0.102313
3.80366 0.115859
3.80509 0.105719
3.80652 0.110383
3.80795 0.11518
3.80938 0.11418
3.81082 0.114008
3.81225 0.111836
3.81368 0.111734
3.81511 0.106813
3.81654 0.103586
3.81797 0.105938
3.81941 0.110695
3.82084 0.109547
3.82227 0.108734
3.8237 0.107914
3.82513 0.111312
3.82656 0.107953
3.828 0.111492
3.82943 0.111117
3.83086 0.112062
3.83229 0.106109
3.83372 0.108766
3.83515 0.109266
3.83658 0.103625
3.83802 0.105164
3.83945 0.110375
3.84088 0.106305
3.84231 0.109547
3.84374 0.108375
3.84517 0.109883
3.84661 0.1105
3.84804 0.111484
3.84947 0.107313
3.8509 0.108695
3.85233 0.104258
3.85376 0.109281
3.8552 0.107586
3.85663 0.109391
3.85806 0.107953
3.85949 0.111664
3.86092 0.111656
3.86235 0.112094
3.86379 0.108469
3.86522 0.10675
3.86665 0.105203
3.86808 0.1055
3.86951 0.106977
3.87094 0.103789
3.87238 0.105672
3.87381 0.111148
3.87524 0.113594
3.87667 0.107828
3.8781 0.107125
3.87953 0.109953
3.88097 0.108469
3.8824 0.107945
3.88383 0.106289
3.88526 0.108438
3.88669 0.108508
3.88812 0.104313
3.88956 0.108461
3.89099 0.10407
3.89242 0.110984
3.89385 0.103922
3.89528 0.10882
3.89671 0.108945
3.89815 0.105281
3.89958 0.108992
3.90101 0.106328
3.90244 0.103508
3.90387 0.111266
3.9053 0.107633
3.90674 0.105609
3.90817 0.107742
3.9096 0.103672
3.91103 0.104727
3.91246 0.104617
3.91389 0.108477
3.91532 0.10375
3.91676 0.104266
3.91819 0.103102
3.91962 0.0999531
3.92105 0.109156
3.92248 0.106156
3.92391 0.109086
3.92535 0.104023
3.92678 0.105516
3.92821 0.105125
3.92964 0.10557
3.93107 0.105727
3.9325 0.105313
3.93394 0.103352
3.93537 0.103281
3.9368 0.10843
3.93823 0.101938
3.93966 0.108711
3.94109 0.106898
3.94253 0.105766
3.94396 0.100859
3.94539 0.105367
3.94682 0.103258
3.94825 0.0959766
3.94968 0.105906
3.95112 0.108453
3.95255 0.106016
3.95398 0.102711
3.95541 0.106594
3.95684 0.105047
3.95827 0.103336
3.95971 0.103
3.96114 0.104508
3.96257 0.0993125
3.964 0.105656
3.96543 0.104117
3.96686 0.103516
3.9683 0.10907
3.96973 0.104719
3.97116 0.100906
3.97259 0.103547
3.97402 0.106211
3.97545 0.107445
3.97689 0.106203
3.97832 0.101445
3.97975 0.106164
3.98118 0.106648
3.98261 0.101383
3.98404 0.101086
3.98548 0.104086
3.98691 0.107961
3.98834 0.106266
3.98977 0.100109
3.9912 0.10282
3.99263 0.101164
3.99406 0.102078
3.9955 0.104469
3.99693 0.100852
3.99836 0.105195
3.99979 0.107
4.00122 0.0999297
4.00265 0.10325
4.00409 0.102195
4.00552 0.0994766
4.00695 0.108016
4.00838 0.104859
4.00981 0.101453
4.01124 0.105438
4.01268 0.101062
4.01411 0.103195
4.01554 0.106227
4.01697 0.101016
4.0184 0.102766
4.01983 0.0980781
4.02127 0.102375
4.0227 0.106969
4.02413 0.108891
4.02556 0.0960391
4.02699 0.103602
4.02842 0.0981719
4.02986 0.102414
4.03129 0.101531
4.03272 0.0992266
4.03415 0.102219
4.03558 0.103125
4.03701 0.10225
4.03845 0.103719
4.03988 0.101523
4.04131 0.105539
4.04274 0.0982891
4.04417 0.103961
4.0456 0.10418
4.04704 0.0992422
4.04847 0.100125
4.0499 0.103703
4.05133 0.10107
4.05276 0.102484
4.05419 0.0987578
4.05563 0.10382
4.05706 0.101055
4.05849 0.0995625
4.05992 0.102117
4.06135 0.103672
4.06278 0.105688
4.06422 0.107117
4.06565 0.104711
4.06708 0.103953
4.06851 0.0982031
4.06994 0.0978984
4.07137 0.10668
4.07281 0.100695
4.07424 0.0975156
4.07567 0.105336
4.0771 0.106719
4.07853 0.10075
4.07996 0.102242
4.08139 0.100219
4.08283 0.0997813
4.08426 0.104039
4.08569 0.100422
4.08712 0.0995703
4.08855 0.101016
4.08998 0.0999531
4.09142 0.0988047
4.09285 0.100141
4.09428 0.101344
4.09571 0.102313
4.09714 0.0986719
4.09857 0.101805
4.10001 0.100273
4.10144 0.100008
4.10287 0.0989141
4.1043 0.0982969
4.10573 0.101516
4.10716 0.104609
4.1086 0.101445
4.11003 0.105766
4.11146 0.101477
4.11289 0.0975234
4.11432 0.100203
4.11575 0.0981406
4.11719 0.0983359
4.11862 0.102195
4.12005 0.0991563
4.12148 0.0984609
4.12291 0.101187
4.12434 0.102969
4.12578 0.0990781
4.12721 0.101312
4.12864 0.0975625
4.13007 0.0982578
4.1315 0.0975703
4.13293 0.0999063
4.13437 0.10043
4.1358 0.102414
4.13723 0.0996016
4.13866 0.0969453
4.14009 0.0959766
4.14152 0.100625
4.14296 0.102055
4.14439 0.100008
4.14582 0.0960781
4.14725 0.0977109
4.14868 0.0982891
4.15011 0.0981719
4.15155 0.097
4.15298 0.0984531
4.15441 0.10068
4.15584 0.10175
4.15727 0.0998984
4.1587 0.0977969
4.16013 0.0999141
4.16157 0.0959375
4.163 0.0944844
4.16443 0.0993906
4.16586 0.104289
4.16729 0.0983359
4.16872 0.096875
4.17016 0.0985859
4.17159 0.0973516
4.17302 0.103133
4.17445 0.101172
4.17588 0.099125
4.17731 0.0984922
4.17875 0.0991016
4.18018 0.101195
4.18161 0.0997344
4.18304 0.0961016
4.18447 0.095375
4.1859 0.102711
4.18734 0.0975547
4.18877 0.0986719
4.1902 0.100867
4.19163 0.100344
4.19306 0.0992031
4.19449 0.0967109
4.19593 0.0952109
4.19736 0.0972812
4.19879 0.10018
4.20022 0.097125
4.20165 0.100617
4.20308 0.101406
4.20452 0.0994531
4.20595 0.0930156
4.20738 0.103477
4.20881 0.0969219
4.21024 0.0955234
4.21167 0.0979063
4.21311 0.0990313
4.21454 0.0988047
4.21597 0.0944375
4.2174 0.0959453
4.21883 0.100766
4.22026 0.100031
4.2217 0.0979219
4.22313 0.0942656
4.22456 0.0971875
4.22599 0.100672
4.22742 0.0980469
4.22885 0.0977656
4.23029 0.0963281
4.23172 0.0971016
4.23315 0.0944844
4.23458 0.0981172
4.23601 0.0978828
4.23744 0.0948672
4.23887 0.0977891
4.24031 0.0951484
4.24174 0.0966406
4.24317 0.0972734
4.2446 0.0957422
4.24603 0.0949062
4.24746 0.0976016
4.2489 0.0979453
4.25033 0.0971484
4.25176 0.0973984
4.25319 0.096625
4.25462 0.0966172
4.25605 0.0976953
4.25749 0.0948125
4.25892 0.0951562
4.26035 0.0983516
4.26178 0.0977813
4.26321 0.0968359
4.26464 0.0966016
4.26608 0.0976953
4.26751 0.0950234
4.26894 0.0982266
4.27037 0.0924062
4.2718 0.0944688
4.27323 0.0950469
4.27467 0.0933438
4.2761 0.0962891
4.27753 0.0984453
4.27896 0.0942344
4.28039 0.0955
4.28182 0.0962031
4.28326 0.0979297
4.28469 0.0961406
4.28612 0.0953125
4.28755 0.0956016
4.28898 0.0968047
4.29041 0.0930703
