1.42857 0.990721
1.43 0.990324
1.43143 0.99042
1.43287 0.989623
1.4343 0.989607
1.43573 0.990004
1.43716 0.990164
1.43859 0.989379
1.44002 0.989689
1.44146 0.989674
1.44289 0.989404
1.44432 0.989543
1.44575 0.988896
1.44718 0.98957
1.44861 0.989084
1.45005 0.989418
1.45148 0.9894
1.45291 0.988619
1.45434 0.989348
1.45577 0.989744
1.4572 0.988465
1.45864 0.988143
1.46007 0.989
1.4615 0.988031
1.46293 0.988471
1.46436 0.988389
1.46579 0.988441
1.46723 0.987865
1.46866 0.987889
1.47009 0.987863
1.47152 0.988172
1.47295 0.987963
1.47438 0.987408
1.47582 0.987945
1.47725 0.987902
1.47868 0.988055
1.48011 0.987205
1.48154 0.987541
1.48297 0.987723
1.48441 0.987508
1.48584 0.987336
1.48727 0.986859
1.4887 0.987004
1.49013 0.98782
1.49156 0.986781
1.493 0.987719
1.49443 0.986443
1.49586 0.987158
1.49729 0.986412
1.49872 0.986693
1.50015 0.986436
1.50158 0.986342
1.50302 0.986875
1.50445 0.986158
1.50588 0.986514
1.50731 0.985688
1.50874 0.985553
1.51017 0.985287
1.51161 0.986031
1.51304 0.986437
1.51447 0.985332
1.5159 0.984828
1.51733 0.98575
1.51876 0.985646
1.5202 0.985633
1.52163 0.985385
1.52306 0.984648
1.52449 0.984707
1.52592 0.984607
1.52735 0.984354
1.52879 0.984016
1.53022 0.983963
1.53165 0.98351
1.53308 0.984617
1.53451 0.984529
1.53594 0.984613
1.53738 0.984686
1.53881 0.984135
1.54024 0.983434
1.54167 0.983869
1.5431 0.983867
1.54453 0.984082
1.54597 0.983521
1.5474 0.983898
1.54883 0.983674
1.55026 0.983607
1.55169 0.98327
1.55312 0.983018
1.55456 0.982742
1.55599 0.983039
1.55742 0.982666
1.55885 0.983117
1.56028 0.983066
1.56171 0.982654
1.56315 0.982639
1.56458 0.982053
1.56601 0.98199
1.56744 0.982451
1.56887 0.981928
1.5703 0.98284
1.57174 0.982338
1.57317 0.9814
1.5746 0.981621
1.57603 0.9819
1.57746 0.981021
1.57889 0.982316
1.58032 0.981223
1.58176 0.981139
1.58319 0.98118
1.58462 0.981223
1.58605 0.980436
1.58748 0.98074
1.58891 0.980379
1.59035 0.979961
1.59178 0.980633
1.59321 0.979508
1.59464 0.980459
1.59607 0.979887
1.5975 0.979977
1.59894 0.979455
1.60037 0.979334
1.6018 0.9801
1.60323 0.978229
1.60466 0.979684
1.60609 0.979812
1.60753 0.978881
1.60896 0.978949
1.61039 0.97943
1.61182 0.978662
1.61325 0.978498
1.61468 0.977779
1.61612 0.978051
1.61755 0.977807
1.61898 0.978395
1.62041 0.978389
1.62184 0.977777
1.62327 0.977109
1.62471 0.97765
1.62614 0.977473
1.62757 0.977576
1.629 0.977437
1.63043 0.976883
1.63186 0.976703
1.6333 0.977402
1.63473 0.977475
1.63616 0.975973
1.63759 0.976357
1.63902 0.975303
1.64045 0.976471
1.64189 0.976574
1.64332 0.976543
1.64475 0.976824
1.64618 0.975248
1.64761 0.975926
1.64904 0.975064
1.65048 0.974158
1.65191 0.975643
1.65334 0.974525
1.65477 0.974555
1.6562 0.974031
1.65763 0.9739
1.65906 0.975063
1.6605 0.973955
1.66193 0.973922
1.66336 0.974342
1.66479 0.974594
1.66622 0.974293
1.66765 0.97323
1.66909 0.973529
1.67052 0.972895
1.67195 0.973961
1.67338 0.973881
1.67481 0.972396
1.67624 0.971602
1.67768 0.971979
1.67911 0.972764
1.68054 0.972902
1.68197 0.970988
1.6834 0.972443
1.68483 0.972207
1.68627 0.971779
1.6877 0.971348
1.68913 0.971105
1.69056 0.971557
1.69199 0.972096
1.69342 0.971117
1.69486 0.970789
1.69629 0.969719
1.69772 0.970078
1.69915 0.970037
1.70058 0.969273
1.70201 0.970119
1.70345 0.969004
1.70488 0.969176
1.70631 0.970387
1.70774 0.969477
1.70917 0.968402
1.7106 0.969098
1.71204 0.968793
1.71347 0.96852
1.7149 0.969357
1.71633 0.966971
1.71776 0.968336
1.71919 0.968262
1.72063 0.96784
1.72206 0.967953
1.72349 0.967805
1.72492 0.967639
1.72635 0.966594
1.72778 0.966732
1.72922 0.966674
1.73065 0.967488
1.73208 0.966561
1.73351 0.966703
1.73494 0.966936
1.73637 0.965455
1.73781 0.964578
1.73924 0.965434
1.74067 0.966012
1.7421 0.966291
1.74353 0.965047
1.74496 0.96408
1.74639 0.963582
1.74783 0.964549
1.74926 0.964807
1.75069 0.963824
1.75212 0.964971
1.75355 0.96266
1.75498 0.964369
1.75642 0.962416
1.75785 0.963729
1.75928 0.962846
1.76071 0.964508
1.76214 0.961365
1.76357 0.962562
1.76501 0.963449
1.76644 0.961498
1.76787 0.962557
1.7693 0.962953
1.77073 0.961385
1.77216 0.961346
1.7736 0.96035
1.77503 0.961506
1.77646 0.958549
1.77789 0.960402
1.77932 0.958352
1.78075 0.95885
1.78219 0.959891
1.78362 0.959797
1.78505 0.95941
1.78648 0.958248
1.78791 0.95959
1.78934 0.958631
1.79078 0.958578
1.79221 0.956732
1.79364 0.957924
1.79507 0.956537
1.7965 0.95741
1.79793 0.95782
1.79937 0.957209
1.8008 0.956037
1.80223 0.957422
1.80366 0.957227
1.80509 0.955145
1.80652 0.955318
1.80796 0.956002
1.80939 0.954529
1.81082 0.955113
1.81225 0.955764
1.81368 0.95265
1.81511 0.955766
1.81655 0.954285
1.81798 0.953162
1.81941 0.954572
1.82084 0.954027
1.82227 0.953865
1.8237 0.952445
1.82513 0.952289
1.82657 0.953324
1.828 0.951361
1.82943 0.951059
1.83086 0.952658
1.83229 0.949967
1.83372 0.953445
1.83516 0.951916
1.83659 0.952707
1.83802 0.950719
1.83945 0.94999
1.84088 0.949678
1.84231 0.95065
1.84375 0.948701
1.84518 0.949418
1.84661 0.95148
1.84804 0.948947
1.84947 0.946945
1.8509 0.946418
1.85234 0.948549
1.85377 0.947066
1.8552 0.949266
1.85663 0.946375
1.85806 0.946838
1.85949 0.947088
1.86093 0.945338
1.86236 0.946521
1.86379 0.945553
1.86522 0.945941
1.86665 0.946004
1.86808 0.94373
1.86952 0.943248
1.87095 0.943895
1.87238 0.946152
1.87381 0.945635
1.87524 0.943389
1.87667 0.943791
1.87811 0.94177
1.87954 0.941229
1.88097 0.9405
1.8824 0.941348
1.88383 0.942955
1.88526 0.944361
1.8867 0.940719
1.88813 0.941908
1.88956 0.941934
1.89099 0.94066
1.89242 0.938311
1.89385 0.940799
1.89529 0.938969
1.89672 0.940607
1.89815 0.938656
1.89958 0.938701
1.90101 0.937457
1.90244 0.937092
1.90387 0.937225
1.90531 0.935957
1.90674 0.937783
1.90817 0.935113
1.9096 0.93866
1.91103 0.935527
1.91246 0.935918
1.9139 0.936617
1.91533 0.933982
1.91676 0.933922
1.91819 0.933209
1.91962 0.932928
1.92105 0.931928
1.92249 0.93025
1.92392 0.933309
1.92535 0.931162
1.92678 0.930396
1.92821 0.931316
1.92964 0.932092
1.93108 0.92925
1.93251 0.928578
1.93394 0.929844
1.93537 0.931418
1.9368 0.928311
1.93823 0.930727
1.93967 0.928895
1.9411 0.930133
1.94253 0.928434
1.94396 0.927693
1.94539 0.925068
1.94682 0.92474
1.94826 0.9266
1.94969 0.925707
1.95112 0.925939
1.95255 0.925703
1.95398 0.925904
1.95541 0.924873
1.95685 0.925082
1.95828 0.924254
1.95971 0.922879
1.96114 0.923105
1.96257 0.925322
1.964 0.922557
1.96544 0.920145
1.96687 0.920535
1.9683 0.923641
1.96973 0.920799
1.97116 0.920941
1.97259 0.918646
1.97403 0.918424
1.97546 0.919193
1.97689 0.9189
1.97832 0.917617
1.97975 0.917994
1.98118 0.915834
1.98261 0.917209
1.98405 0.918553
1.98548 0.918314
1.98691 0.916352
1.98834 0.915723
1.98977 0.913271
1.9912 0.910797
1.99264 0.912039
1.99407 0.91367
1.9955 0.917955
1.99693 0.913178
1.99836 0.909107
1.99979 0.910615
2.00123 0.909709
2.00266 0.913143
2.00409 0.912691
2.00552 0.911531
2.00695 0.909033
2.00838 0.905943
2.00982 0.908336
2.01125 0.909611
2.01268 0.905949
2.01411 0.903146
2.01554 0.906535
2.01697 0.905777
2.01841 0.906451
2.01984 0.905219
2.02127 0.903775
2.0227 0.903287
2.02413 0.901686
2.02556 0.90407
2.027 0.902383
2.02843 0.902078
2.02986 0.900148
2.03129 0.899707
2.03272 0.899367
2.03415 0.899742
2.03559 0.899055
2.03702 0.899389
2.03845 0.895197
2.03988 0.897314
2.04131 0.90049
2.04274 0.896586
2.04418 0.896287
2.04561 0.893354
2.04704 0.89376
2.04847 0.893941
2.0499 0.890363
2.05133 0.88809
2.05277 0.893395
2.0542 0.889219
2.05563 0.891408
2.05706 0.894033
2.05849 0.888453
2.05992 0.891348
2.06135 0.888078
2.06279 0.890486
2.06422 0.884375
2.06565 0.883287
2.06708 0.883195
2.06851 0.881857
2.06994 0.885258
2.07138 0.882055
2.07281 0.886381
2.07424 0.881926
2.07567 0.88015
2.0771 0.878313
2.07853 0.880154
2.07997 0.878854
2.0814 0.878877
2.08283 0.880928
2.08426 0.878271
2.08569 0.87492
2.08712 0.879461
2.08856 0.873371
2.08999 0.87383
2.09142 0.875111
2.09285 0.867123
2.09428 0.878582
2.09571 0.87627
2.09715 0.869631
2.09858 0.867074
2.10001 0.864855
2.10144 0.870111
2.10287 0.86992
2.1043 0.86835
2.10574 0.861072
2.10717 0.866744
2.1086 0.863807
2.11003 0.861943
2.11146 0.865186
2.11289 0.856428
2.11433 0.859924
2.11576 0.856893
2.11719 0.863662
2.11862 0.858102
2.12005 0.854613
2.12148 0.85343
2.12292 0.859977
2.12435 0.853328
2.12578 0.850902
2.12721 0.855789
2.12864 0.846965
2.13007 0.851299
2.13151 0.854078
2.13294 0.845973
2.13437 0.842674
2.1358 0.844629
2.13723 0.846002
2.13866 0.843064
2.1401 0.842605
2.14153 0.833289
2.14296 0.841535
2.14439 0.850002
2.14582 0.83524
2.14725 0.839281
2.14868 0.837566
2.15012 0.832658
2.15155 0.824699
2.15298 0.842879
2.15441 0.831613
2.15584 0.834334
2.15727 0.822521
2.15871 0.832238
2.16014 0.8275
2.16157 0.825527
2.163 0.813123
2.16443 0.814779
2.16586 0.823189
2.1673 0.817439
2.16873 0.824117
2.17016 0.820201
2.17159 0.817273
2.17302 0.823844
2.17445 0.817717
2.17589 0.798285
2.17732 0.802687
2.17875 0.805135
2.18018 0.814297
2.18161 0.792637
2.18304 0.804986
2.18448 0.792852
2.18591 0.802971
2.18734 0.794063
2.18877 0.804174
2.1902 0.79317
2.19163 0.793289
2.19307 0.783764
2.1945 0.800648
2.19593 0.796051
2.19736 0.781156
2.19879 0.782293
2.20022 0.784818
2.20166 0.787043
2.20309 0.768926
2.20452 0.792229
2.20595 0.773709
2.20738 0.76073
2.20881 0.769646
2.21025 0.767441
2.21168 0.761385
2.21311 0.766436
2.21454 0.751744
2.21597 0.768756
2.2174 0.749563
2.21884 0.753926
2.22027 0.75758
2.2217 0.76474
2.22313 0.741355
2.22456 0.757211
2.22599 0.748125
2.22742 0.738662
2.22886 0.752773
2.23029 0.741053
2.23172 0.724725
2.23315 0.728688
2.23458 0.722334
2.23601 0.711514
2.23745 0.728012
2.23888 0.714322
2.24031 0.734051
2.24174 0.715133
2.24317 0.70832
2.2446 0.699971
2.24604 0.693553
2.24747 0.702562
2.2489 0.709467
2.25033 0.715807
2.25176 0.705172
2.25319 0.701473
2.25463 0.683133
2.25606 0.68142
2.25749 0.675865
2.25892 0.656193
2.26035 0.685484
2.26178 0.654012
2.26322 0.674748
2.26465 0.658662
2.26608 0.684887
2.26751 0.681031
2.26894 0.650469
2.27037 0.653563
2.27181 0.640143
2.27324 0.63523
2.27467 0.642346
2.2761 0.619176
2.27753 0.650012
2.27896 0.624156
2.2804 0.621352
2.28183 0.628135
2.28326 0.588252
2.28469 0.613377
2.28612 0.60218
2.28755 0.582574
2.28899 0.612148
2.29042 0.556695
2.29185 0.592814
2.29328 0.578111
2.29471 0.574258
2.29614 0.591082
2.29758 0.611543
2.29901 0.569322
2.30044 0.554361
2.30187 0.539395
2.3033 0.53993
2.30473 0.555229
2.30616 0.541871
2.3076 0.542156
2.30903 0.54607
2.31046 0.521471
2.31189 0.529293
2.31332 0.539746
2.31475 0.517104
2.31619 0.532041
2.31762 0.514049
2.31905 0.486371
2.32048 0.498436
2.32191 0.492461
2.32334 0.500428
2.32478 0.495631
2.32621 0.503492
2.32764 0.478303
2.32907 0.488881
2.3305 0.473061
2.33193 0.474363
2.33337 0.495248
2.3348 0.490768
2.33623 0.43874
2.33766 0.45866
2.33909 0.459539
2.34052 0.441947
2.34196 0.457766
2.34339 0.427299
2.34482 0.433977
2.34625 0.451281
2.34768 0.411682
2.34911 0.422359
2.35055 0.415184
2.35198 0.407834
2.35341 0.423514
2.35484 0.424715
2.35627 0.415279
2.3577 0.40185
2.35914 0.410482
2.36057 0.391437
2.362 0.361016
2.36343 0.392053
2.36486 0.406416
2.36629 0.398223
2.36773 0.382729
2.36916 0.377287
2.37059 0.368506
2.37202 0.360885
2.37345 0.358123
2.37488 0.339098
2.37632 0.347908
2.37775 0.332916
2.37918 0.363676
2.38061 0.339572
2.38204 0.323977
2.38347 0.336262
2.3849 0.340492
2.38634 0.358246
2.38777 0.338779
2.3892 0.338291
2.39063 0.31007
2.39206 0.331996
2.39349 0.319373
2.39493 0.319484
2.39636 0.31832
2.39779 0.304072
2.39922 0.298924
2.40065 0.30493
2.40208 0.311775
2.40352 0.29518
2.40495 0.318822
2.40638 0.293355
2.40781 0.309418
2.40924 0.303316
2.41067 0.316045
2.41211 0.297238
2.41354 0.317451
2.41497 0.282162
2.4164 0.297271
2.41783 0.285043
2.41926 0.287734
2.4207 0.285527
2.42213 0.274264
2.42356 0.277855
2.42499 0.281035
2.42642 0.261621
2.42785 0.275662
2.42929 0.262955
2.43072 0.272281
2.43215 0.271635
2.43358 0.253309
2.43501 0.26902
2.43644 0.264385
2.43788 0.260607
2.43931 0.248508
2.44074 0.275266
2.44217 0.254143
2.4436 0.258021
2.44503 0.248746
2.44647 0.24977
2.4479 0.243617
2.44933 0.236926
2.45076 0.2631
2.45219 0.246152
2.45362 0.232369
2.45506 0.227182
2.45649 0.246
2.45792 0.229883
2.45935 0.246244
2.46078 0.230311
2.46221 0.239496
2.46365 0.235986
2.46508 0.235879
2.46651 0.218859
2.46794 0.209518
2.46937 0.236881
2.4708 0.211414
2.47223 0.226566
2.47367 0.218932
2.4751 0.219223
2.47653 0.220771
2.47796 0.218561
2.47939 0.220504
2.48082 0.22392
2.48226 0.210922
2.48369 0.212619
2.48512 0.204602
2.48655 0.215811
2.48798 0.213842
2.48941 0.209539
2.49085 0.204557
2.49228 0.203625
2.49371 0.218826
2.49514 0.210615
2.49657 0.205705
2.498 0.206818
2.49944 0.2056
2.50087 0.197229
2.5023 0.202246
2.50373 0.197701
2.50516 0.197967
2.50659 0.192006
2.50803 0.20701
2.50946 0.190271
2.51089 0.191221
2.51232 0.194953
2.51375 0.201422
2.51518 0.191594
2.51662 0.186062
2.51805 0.187461
2.51948 0.195846
2.52091 0.189545
2.52234 0.189596
2.52377 0.184484
2.52521 0.181393
2.52664 0.187475
2.52807 0.184434
2.5295 0.181689
2.53093 0.179533
2.53236 0.184438
2.5338 0.176033
2.53523 0.185965
2.53666 0.17184
2.53809 0.173313
2.53952 0.179996
2.54095 0.180426
2.54239 0.176502
2.54382 0.176865
2.54525 0.175359
2.54668 0.174961
2.54811 0.176563
2.54954 0.167623
2.55097 0.176314
2.55241 0.166873
2.55384 0.162689
2.55527 0.175986
2.5567 0.167291
2.55813 0.170146
2.55956 0.176002
2.561 0.16827
2.56243 0.160381
2.56386 0.173502
2.56529 0.169121
2.56672 0.15927
2.56815 0.166643
2.56959 0.165209
2.57102 0.168928
2.57245 0.158338
2.57388 0.171719
2.57531 0.166703
2.57674 0.162762
2.57818 0.15357
2.57961 0.158377
2.58104 0.160768
2.58247 0.153959
2.5839 0.156457
2.58533 0.153461
2.58677 0.15648
2.5882 0.150709
2.58963 0.161244
2.59106 0.156396
2.59249 0.153635
2.59392 0.15218
2.59536 0.145377
2.59679 0.151607
2.59822 0.148174
2.59965 0.154938
2.60108 0.149039
2.60251 0.151801
2.60395 0.154326
2.60538 0.149391
2.60681 0.14918
2.60824 0.150053
2.60967 0.139639
2.6111 0.142396
2.61254 0.143045
2.61397 0.148672
2.6154 0.144762
2.61683 0.151912
2.61826 0.140967
2.61969 0.144568
2.62113 0.150059
2.62256 0.148197
2.62399 0.141193
2.62542 0.149447
2.62685 0.14377
2.62828 0.140613
2.62971 0.140367
2.63115 0.141172
2.63258 0.143229
2.63401 0.13668
2.63544 0.132146
2.63687 0.134252
2.6383 0.134684
2.63974 0.139949
2.64117 0.142271
2.6426 0.135674
2.64403 0.140813
2.64546 0.142854
2.64689 0.138395
2.64833 0.13309
2.64976 0.127635
2.65119 0.138316
2.65262 0.135459
2.65405 0.134553
2.65548 0.132512
2.65692 0.131797
2.65835 0.129525
2.65978 0.137078
2.66121 0.134516
2.66264 0.12984
2.66407 0.138361
2.66551 0.136453
2.66694 0.13223
2.66837 0.133686
2.6698 0.128646
2.67123 0.128104
2.67266 0.133758
2.6741 0.126045
2.67553 0.130428
2.67696 0.12617
2.67839 0.125533
2.67982 0.127406
2.68125 0.126576
2.68269 0.126197
2.68412 0.121148
2.68555 0.136754
2.68698 0.12957
2.68841 0.123412
2.68984 0.118105
2.69128 0.12425
2.69271 0.124912
2.69414 0.12225
2.69557 0.131104
2.697 0.125676
2.69843 0.127715
2.69987 0.130768
2.7013 0.125363
2.70273 0.128992
2.70416 0.120275
2.70559 0.124055
2.70702 0.115475
2.70845 0.117113
2.70989 0.119902
2.71132 0.122811
2.71275 0.120248
2.71418 0.125682
2.71561 0.115967
2.71704 0.117668
2.71848 0.120037
2.71991 0.11967
2.72134 0.119004
2.72277 0.115592
2.7242 0.111768
2.72563 0.119381
2.72707 0.113641
2.7285 0.121996
2.72993 0.120359
2.73136 0.117688
2.73279 0.113844
2.73422 0.119682
2.73566 0.114525
2.73709 0.114627
2.73852 0.118441
2.73995 0.115477
2.74138 0.113475
2.74281 0.116496
2.74425 0.117893
2.74568 0.112604
2.74711 0.113066
2.74854 0.108877
2.74997 0.113686
2.7514 0.111076
2.75284 0.111852
2.75427 0.112029
2.7557 0.111541
2.75713 0.113432
2.75856 0.114199
2.75999 0.106818
2.76143 0.112475
2.76286 0.109854
2.76429 0.110826
2.76572 0.106199
2.76715 0.10827
2.76858 0.108188
2.77002 0.116963
2.77145 0.107525
2.77288 0.111822
2.77431 0.108938
2.77574 0.112809
2.77717 0.108066
2.77861 0.110127
2.78004 0.108426
2.78147 0.105775
2.7829 0.106576
2.78433 0.111471
2.78576 0.104594
2.78719 0.102455
2.78863 0.106148
2.79006 0.103588
2.79149 0.105492
2.79292 0.107609
2.79435 0.107863
2.79578 0.105213
2.79722 0.107879
2.79865 0.1066
2.80008 0.106188
2.80151 0.106859
2.80294 0.102447
2.80437 0.107127
2.80581 0.108902
2.80724 0.101965
2.80867 0.100742
2.8101 0.105414
2.81153 0.105617
2.81296 0.105463
2.8144 0.104311
2.81583 0.104229
2.81726 0.106428
2.81869 0.101182
2.82012 0.103045
2.82155 0.103752
2.82299 0.103988
2.82442 0.104154
2.82585 0.105656
2.82728 0.104459
2.82871 0.102088
2.83014 0.10635
2.83158 0.0991602
2.83301 0.0983008
2.83444 0.101869
2.83587 0.0990215
2.8373 0.103111
2.83873 0.103354
2.84017 0.102943
2.8416 0.101803
2.84303 0.102971
2.84446 0.10402
2.84589 0.103912
2.84732 0.100305
2.84876 0.100021
2.85019 0.0994824
2.85162 0.0998086
2.85305 0.0961816
2.85448 0.0966055
2.85591 0.0986953
2.85735 0.104484
2.85878 0.100062
2.86021 0.0924941
2.86164 0.0970469
2.86307 0.0972051
2.8645 0.0942773
2.86594 0.0970215
2.86737 0.0998652
2.8688 0.0968711
2.87023 0.0961445
2.87166 0.0964707
2.87309 0.0995
2.87452 0.0982148
2.87596 0.100254
2.87739 0.0887129
2.87882 0.0965977
2.88025 0.0974219
2.88168 0.0974023
2.88311 0.0968418
2.88455 0.0923438
2.88598 0.0938535
2.88741 0.0898105
2.88884 0.0957207
2.89027 0.0955547
2.8917 0.0894395
2.89314 0.0973438
2.89457 0.0963398
2.896 0.0960996
2.89743 0.0932832
2.89886 0.0927969
2.90029 0.0927656
2.90173 0.0919551
2.90316 0.0909961
2.90459 0.0975098
2.90602 0.0980195
2.90745 0.0937109
2.90888 0.0865625
2.91032 0.0925
2.91175 0.0928828
2.91318 0.0911953
2.91461 0.0896504
2.91604 0.0936543
2.91747 0.0947637
2.91891 0.0956465
2.92034 0.0889941
2.92177 0.0939102
2.9232 0.0978828
2.92463 0.0944707
2.92606 0.0936914
2.9275 0.0911953
2.92893 0.0897559
2.93036 0.0920234
2.93179 0.0888867
2.93322 0.0936387
2.93465 0.089209
2.93609 0.0901914
2.93752 0.0913965
2.93895 0.0909199
2.94038 0.0948496
2.94181 0.0893906
2.94324 0.0888789
2.94468 0.0894043
2.94611 0.0926289
2.94754 0.0852598
2.94897 0.091043
2.9504 0.0886797
2.95183 0.0895957
2.95326 0.0853457
2.9547 0.0923281
2.95613 0.0858828
2.95756 0.0878496
2.95899 0.094959
2.96042 0.0914004
2.96185 0.0870937
2.96329 0.0876484
2.96472 0.0876309
2.96615 0.0851484
2.96758 0.0866875
2.96901 0.092332
2.97044 0.0893594
2.97188 0.0873125
2.97331 0.0869453
2.97474 0.085
2.97617 0.0897773
2.9776 0.0876309
2.97903 0.0897695
2.98047 0.0839922
2.9819 0.0865176
2.98333 0.0854922
2.98476 0.0853691
2.98619 0.0889355
2.98762 0.0861309
2.98906 0.090707
2.99049 0.0828223
2.99192 0.0847266
2.99335 0.0854551
2.99478 0.0853262
2.99621 0.0843105
2.99765 0.0865273
2.99908 0.0849199
3.00051 0.0861582
3.00194 0.0836074
3.00337 0.0845918
3.0048 0.0813633
3.00624 0.0808203
3.00767 0.0871074
3.0091 0.0893906
3.01053 0.0833926
3.01196 0.0836094
3.01339 0.0880117
3.01483 0.0835898
3.01626 0.0848965
3.01769 0.0826953
3.01912 0.0844316
3.02055 0.0846191
3.02198 0.0823945
3.02342 0.0821172
3.02485 0.0829023
3.02628 0.082918
3.02771 0.0841953
3.02914 0.0820449
3.03057 0.0847031
3.032 0.0832383
3.03344 0.0833262
3.03487 0.0798809
3.0363 0.0820508
3.03773 0.080084
3.03916 0.0822285
3.04059 0.0843437
3.04203 0.0794297
3.04346 0.0803691
3.04489 0.0831992
3.04632 0.0802773
3.04775 0.0827227
3.04918 0.0832402
3.05062 0.0844199
3.05205 0.080459
3.05348 0.081832
3.05491 0.0803574
3.05634 0.08325
3.05777 0.0820918
3.05921 0.0781934
3.06064 0.0806426
3.06207 0.078668
3.0635 0.0803438
3.06493 0.079332
3.06636 0.0775918
3.0678 0.075334
3.06923 0.0802344
3.07066 0.0782578
3.07209 0.0813145
3.07352 0.0787109
3.07495 0.0796641
3.07639 0.0814746
3.07782 0.0794922
3.07925 0.0808086
3.08068 0.0782852
3.08211 0.0764648
3.08354 0.0771719
3.08498 0.0815625
3.08641 0.0788711
3.08784 0.0769473
3.08927 0.0781992
3.0907 0.0796387
3.09213 0.0783457
3.09357 0.0753086
3.095 0.0787129
3.09643 0.0801406
3.09786 0.0794863
3.09929 0.0808359
3.10072 0.078291
3.10216 0.078
3.10359 0.0755664
3.10502 0.080375
3.10645 0.082457
3.10788 0.0784883
3.10931 0.080043
3.11074 0.0758125
3.11218 0.0760898
3.11361 0.0790449
3.11504 0.0755391
3.11647 0.0751094
3.1179 0.0749668
3.11933 0.0804004
3.12077 0.0782695
3.1222 0.077459
3.12363 0.0745391
3.12506 0.0756855
3.12649 0.0771699
3.12792 0.080291
3.12936 0.0771504
3.13079 0.0716172
3.13222 0.0757832
3.13365 0.0781855
3.13508 0.0751641
3.13651 0.0774336
3.13795 0.0747051
3.13938 0.0775195
3.14081 0.0789512
3.14224 0.0776895
3.14367 0.0780703
3.1451 0.0754121
3.14654 0.0733965
3.14797 0.0737441
3.1494 0.0769922
3.15083 0.0726914
3.15226 0.0762461
3.15369 0.0756309
3.15513 0.0761816
3.15656 0.0753164
3.15799 0.0718301
3.15942 0.0719492
3.16085 0.0757559
3.16228 0.0747109
3.16372 0.0719727
3.16515 0.0689258
3.16658 0.0734141
3.16801 0.0720527
3.16944 0.0758906
3.17087 0.0758477
3.17231 0.0774004
3.17374 0.0717695
3.17517 0.0746621
3.1766 0.0759219
3.17803 0.0751504
3.17946 0.074459
3.1809 0.0732949
3.18233 0.0724141
3.18376 0.0751133
3.18519 0.0748105
3.18662 0.0745508
3.18805 0.0728984
3.18948 0.0744688
3.19092 0.0740762
3.19235 0.0745684
3.19378 0.0739766
3.19521 0.0755312
3.19664 0.0723105
3.19807 0.074502
3.19951 0.0724473
3.20094 0.0709922
3.20237 0.0742461
3.2038 0.0708867
3.20523 0.0732715
3.20666 0.0725
3.2081 0.0746133
3.20953 0.0714844
3.21096 0.0749062
3.21239 0.0700254
3.21382 0.0710977
3.21525 0.0727461
3.21669 0.0719102
3.21812 0.0725352
3.21955 0.072084
3.22098 0.0718008
3.22241 0.0720195
3.22384 0.0723887
3.22528 0.0724297
3.22671 0.0708613
3.22814 0.0762734
3.22957 0.0719746
3.231 0.070541
3.23243 0.0752109
3.23387 0.0740703
3.2353 0.0712598
3.23673 0.0727969
3.23816 0.0734336
3.23959 0.0719121
3.24102 0.072125
3.24246 0.0715898
3.24389 0.0720039
3.24532 0.0693223
3.24675 0.0649531
3.24818 0.0689609
3.24961 0.0702031
3.25105 0.0719023
3.25248 0.0708516
3.25391 0.0700254
3.25534 0.0710742
3.25677 0.0702051
3.2582 0.0711855
3.25964 0.0732305
3.26107 0.069207
3.2625 0.069584
3.26393 0.0683105
3.26536 0.0704473
3.26679 0.0670859
3.26823 0.0702637
3.26966 0.0711465
3.27109 0.0706074
3.27252 0.0679766
3.27395 0.0673672
3.27538 0.0665645
3.27681 0.0690273
3.27825 0.0687734
3.27968 0.0695918
3.28111 0.0670391
3.28254 0.069623
3.28397 0.0720859
3.2854 0.0690684
3.28684 0.068623
3.28827 0.0698672
3.2897 0.0691055
3.29113 0.070998
3.29256 0.0707813
3.29399 0.0667324
3.29543 0.0682266
3.29686 0.0676992
3.29829 0.068998
3.29972 0.0640996
3.30115 0.0693906
3.30258 0.0661289
3.30402 0.0672168
3.30545 0.0687109
3.30688 0.0691738
3.30831 0.0670703
3.30974 0.0688047
3.31117 0.0670176
3.31261 0.0655332
3.31404 0.0660371
3.31547 0.0706445
3.3169 0.0680488
3.31833 0.0701367
3.31976 0.0656465
3.3212 0.0656387
3.32263 0.0696465
3.32406 0.0707168
3.32549 0.0700625
3.32692 0.0672598
3.32835 0.0661797
3.32979 0.0654531
3.33122 0.0705586
3.33265 0.0672969
3.33408 0.0659453
3.33551 0.0684082
3.33694 0.0665078
3.33838 0.0623418
3.33981 0.0657344
3.34124 0.0649043
3.34267 0.0651094
3.3441 0.0651016
3.34553 0.0669961
3.34697 0.0671309
3.3484 0.0655957
3.34983 0.0681406
3.35126 0.065498
3.35269 0.069084
3.35412 0.0675684
3.35555 0.0676758
3.35699 0.0681035
3.35842 0.0666016
3.35985 0.065293
3.36128 0.0675547
3.36271 0.0651602
3.36414 0.0647227
3.36558 0.0689961
3.36701 0.0657344
3.36844 0.0656328
3.36987 0.0660527
3.3713 0.0637812
3.37273 0.0639238
3.37417 0.0643457
3.3756 0.0654961
3.37703 0.0639688
3.37846 0.0648965
3.37989 0.0661211
3.38132 0.0663086
3.38276 0.0658242
3.38419 0.0648867
3.38562 0.0654609
3.38705 0.0635645
3.38848 0.0659062
3.38991 0.0624824
3.39135 0.0624707
3.39278 0.0645957
3.39421 0.0668125
3.39564 0.0638262
3.39707 0.0642012
3.3985 0.0658398
3.39994 0.0657129
3.40137 0.0620977
3.4028 0.0659902
3.40423 0.0653027
3.40566 0.0645059
3.40709 0.0624141
3.40853 0.0617715
3.40996 0.0630996
3.41139 0.0659102
3.41282 0.063043
3.41425 0.064957
3.41568 0.0648809
3.41712 0.0640352
3.41855 0.0653867
3.41998 0.0623535
3.42141 0.0637031
3.42284 0.0642812
3.42427 0.0642402
3.42571 0.0645215
3.42714 0.064375
3.42857 0.0626543
3.43 0.0648184
3.43143 0.0624258
3.43286 0.0644238
3.43429 0.0640332
3.43573 0.0615195
3.43716 0.0625781
3.43859 0.0634414
3.44002 0.0631621
3.44145 0.0637148
3.44288 0.0655449
3.44432 0.0638008
3.44575 0.0624375
3.44718 0.0627129
3.44861 0.0616699
3.45004 0.0635977
3.45147 0.0632227
3.45291 0.0628848
3.45434 0.0623066
3.45577 0.0630215
3.4572 0.0622949
3.45863 0.0604512
3.46006 0.0642988
3.4615 0.0611152
3.46293 0.0627988
3.46436 0.0629277
3.46579 0.0644688
3.46722 0.0608867
3.46865 0.0626113
3.47009 0.0665273
3.47152 0.0627246
3.47295 0.0631973
3.47438 0.0632148
3.47581 0.0607148
3.47724 0.0613027
3.47868 0.0616406
3.48011 0.0596973
3.48154 0.0632148
3.48297 0.0618379
3.4844 0.0624707
3.48583 0.063
3.48727 0.0628809
3.4887 0.0618145
3.49013 0.0635176
3.49156 0.060877
3.49299 0.061209
3.49442 0.064166
3.49586 0.061084
3.49729 0.0623867
3.49872 0.0593887
3.50015 0.0626875
3.50158 0.061416
3.50301 0.0616094
3.50445 0.0612422
3.50588 0.0613516
3.50731 0.0620117
3.50874 0.0608594
3.51017 0.0626758
3.5116 0.0590742
3.51303 0.0612109
3.51447 0.0583672
3.5159 0.0594121
3.51733 0.0612266
3.51876 0.0612813
3.52019 0.0604902
3.52162 0.0619727
3.52306 0.0622227
3.52449 0.0639883
3.52592 0.0605527
3.52735 0.059582
3.52878 0.0591855
3.53021 0.0603652
3.53165 0.0629648
3.53308 0.0603203
3.53451 0.0609531
3.53594 0.0622109
3.53737 0.0594043
3.5388 0.0582031
3.54024 0.0620898
3.54167 0.061207
3.5431 0.0637461
3.54453 0.0606758
3.54596 0.0580371
3.54739 0.0599492
3.54883 0.0592539
3.55026 0.0617539
3.55169 0.0598789
3.55312 0.0602363
3.55455 0.0605117
3.55598 0.0599453
3.55742 0.0595215
3.55885 0.059709
3.56028 0.0606055
3.56171 0.061666
3.56314 0.0600781
3.56457 0.0588086
3.56601 0.0588711
3.56744 0.0639629
3.56887 0.0605859
3.5703 0.0606719
3.57173 0.0609609
3.57316 0.058084
3.5746 0.0609277
3.57603 0.0602656
3.57746 0.058752
3.57889 0.0601465
3.58032 0.0581934
3.58175 0.0618633
3.58319 0.0583203
3.58462 0.0598965
3.58605 0.0615449
3.58748 0.059877
3.58891 0.0589297
3.59034 0.0596563
3.59177 0.0613633
3.59321 0.0604492
3.59464 0.0584766
3.59607 0.0594141
3.5975 0.056875
3.59893 0.059084
3.60036 0.0586406
3.6018 0.0605684
3.60323 0.0601113
3.60466 0.0619258
3.60609 0.0581504
3.60752 0.0588398
3.60895 0.0618574
3.61039 0.0614844
3.61182 0.0574629
3.61325 0.0606719
3.61468 0.059498
3.61611 0.0598438
3.61754 0.0591016
3.61898 0.0599395
3.62041 0.0562676
3.62184 0.0598086
3.62327 0.0581523
3.6247 0.057373
3.62613 0.0579961
3.62757 0.0575781
3.629 0.0577129
3.63043 0.0577793
3.63186 0.0592656
3.63329 0.0603418
3.63472 0.0583887
3.63616 0.0569414
3.63759 0.0574238
3.63902 0.0586074
3.64045 0.0588574
3.64188 0.0557285
3.64331 0.0574434
3.64475 0.0591797
3.64618 0.0565586
3.64761 0.0586523
3.64904 0.0577031
3.65047 0.0576777
3.6519 0.0571406
3.65334 0.0574883
3.65477 0.0586953
3.6562 0.0550664
3.65763 0.0605176
3.65906 0.0577148
3.66049 0.0582344
3.66193 0.0576035
3.66336 0.0583984
3.66479 0.0596895
3.66622 0.0585332
3.66765 0.0593438
3.66908 0.0572598
3.67052 0.0580137
3.67195 0.0566992
3.67338 0.0587422
3.67481 0.0583437
3.67624 0.0571484
3.67767 0.0559941
3.6791 0.0539277
3.68054 0.0553223
3.68197 0.0595234
3.6834 0.0560332
3.68483 0.0572266
3.68626 0.0585488
3.68769 0.058209
3.68913 0.0570879
3.69056 0.0570156
3.69199 0.0537969
3.69342 0.0554141
3.69485 0.0569316
3.69628 0.0558516
3.69772 0.0592871
3.69915 0.0577187
3.70058 0.0561016
3.70201 0.0559551
3.70344 0.0570762
3.70487 0.057082
3.70631 0.0580039
3.70774 0.0562871
3.70917 0.0566113
3.7106 0.0566445
3.71203 0.0573008
3.71346 0.0567441
3.7149 0.0560957
3.71633 0.054459
3.71776 0.0558691
3.71919 0.0563437
3.72062 0.0584805
3.72205 0.0564727
3.72349 0.0587031
3.72492 0.0560469
3.72635 0.0532949
3.72778 0.056623
3.72921 0.0568164
3.73064 0.0564766
3.73208 0.0558301
3.73351 0.0563145
3.73494 0.0563457
3.73637 0.0573125
3.7378 0.0575195
3.73923 0.0567187
3.74067 0.056209
3.7421 0.0553809
3.74353 0.056209
3.74496 0.0531309
3.74639 0.055543
3.74782 0.0567852
3.74926 0.0563184
3.75069 0.0554043
3.75212 0.0551133
3.75355 0.0551055
3.75498 0.0545898
3.75641 0.0531504
3.75784 0.0554277
3.75928 0.0560625
3.76071 0.0551426
3.76214 0.056209
3.76357 0.055127
3.765 0.0540352
3.76643 0.054625
3.76787 0.0549648
3.7693 0.0571035
3.77073 0.0560957
3.77216 0.0562773
3.77359 0.0527676
3.77502 0.0542773
3.77646 0.0573203
3.77789 0.0544922
3.77932 0.0563477
3.78075 0.0551875
3.78218 0.0526484
3.78361 0.0550137
3.78505 0.0536816
3.78648 0.0558184
3.78791 0.0539336
3.78934 0.0560977
3.79077 0.0561191
3.7922 0.0535938
3.79364 0.0528652
3.79507 0.0545645
3.7965 0.0535723
3.79793 0.0562715
3.79936 0.0535488
3.80079 0.0547012
3.80223 0.0538281
3.80366 0.0553613
3.80509 0.0549297
3.80652 0.0546699
3.80795 0.0544766
3.80938 0.0560176
3.81082 0.0544785
3.81225 0.0551289
3.81368 0.0548262
3.81511 0.0552461
3.81654 0.0536895
3.81797 0.0544531
3.81941 0.0543027
3.82084 0.0541445
3.82227 0.0544961
3.8237 0.0561172
3.82513 0.0540645
3.82656 0.0555762
3.828 0.0545273
3.82943 0.0551855
3.83086 0.0532637
3.83229 0.0555449
3.83372 0.0546074
3.83515 0.055041
3.83658 0.0558496
3.83802 0.0530098
3.83945 0.0557012
3.84088 0.0537988
3.84231 0.0545742
3.84374 0.0525977
3.84517 0.0547539
3.84661 0.0543945
3.84804 0.0551445
3.84947 0.0546875
3.8509 0.0523047
3.85233 0.0529551
3.85376 0.0537051
3.8552 0.0546055
3.85663 0.054457
3.85806 0.053959
3.85949 0.0534395
3.86092 0.0520938
3.86235 0.0575078
3.86379 0.0557598
3.86522 0.0539941
3.86665 0.0517012
3.86808 0.0540234
3.86951 0.0534707
3.87094 0.0536133
3.87238 0.0524297
3.87381 0.0516543
3.87524 0.0529316
3.87667 0.0564023
3.8781 0.0550078
3.87953 0.0522559
3.88097 0.0530059
3.8824 0.0534883
3.88383 0.0534355
3.88526 0.0546504
3.88669 0.052752
3.88812 0.0523809
3.88956 0.0511094
3.89099 0.0548359
3.89242 0.0499121
3.89385 0.0545859
3.89528 0.0540039
3.89671 0.0541816
3.89815 0.0545352
3.89958 0.0526602
3.90101 0.0517051
3.90244 0.0529727
3.90387 0.0546973
3.9053 0.0533594
3.90674 0.0507266
3.90817 0.0534961
3.9096 0.0538867
3.91103 0.0556426
3.91246 0.0550957
3.91389 0.0530938
3.91532 0.0505508
3.91676 0.0520527
3.91819 0.050543
3.91962 0.0540859
3.92105 0.0521504
3.92248 0.0532266
3.92391 0.0521074
3.92535 0.0538418
3.92678 0.0520371
3.92821 0.0544512
3.92964 0.053373
3.93107 0.052416
3.9325 0.0530859
3.93394 0.0534238
3.93537 0.0518086
3.9368 0.0518809
3.93823 0.0529102
3.93966 0.051709
3.94109 0.054541
3.94253 0.0527246
3.94396 0.0524121
3.94539 0.0527891
3.94682 0.0524063
3.94825 0.0522461
3.94968 0.0522891
3.95112 0.0524277
3.95255 0.0511152
3.95398 0.0530391
3.95541 0.0534883
3.95684 0.0537441
3.95827 0.0536934
3.95971 0.0557949
3.96114 0.0536914
3.96257 0.055875
3.964 0.0534199
3.96543 0.0528477
3.96686 0.0507715
3.9683 0.0518047
3.96973 0.0504844
3.97116 0.0534395
3.97259 0.0537148
3.97402 0.048877
3.97545 0.0515566
3.97689 0.050375
3.97832 0.0531016
3.97975 0.0527402
3.98118 0.048916
3.98261 0.051293
3.98404 0.0513887
3.98548 0.0504766
3.98691 0.0528262
3.98834 0.0529453
3.98977 0.0506719
3.9912 0.0498066
3.99263 0.0517246
3.99406 0.0525801
3.9955 0.053082
3.99693 0.0515664
3.99836 0.0499785
3.99979 0.0530137
4.00122 0.0494473
4.00265 0.0518555
4.00409 0.0503496
4.00552 0.0514453
4.00695 0.0501406
4.00838 0.0503516
4.00981 0.0521816
4.01124 0.0516348
4.01268 0.0498125
4.01411 0.0514102
4.01554 0.0499746
4.01697 0.0515469
4.0184 0.0522441
4.01983 0.05225
4.02127 0.0510527
4.0227 0.0511855
4.02413 0.0527168
4.02556 0.0503789
4.02699 0.0526055
4.02842 0.052623
4.02986 0.0516055
4.03129 0.0495723
4.03272 0.0524609
4.03415 0.0509238
4.03558 0.0504512
4.03701 0.0504336
4.03845 0.051082
4.03988 0.0519727
4.04131 0.0507754
4.04274 0.0513164
4.04417 0.0499375
4.0456 0.0503301
4.04704 0.0510742
4.04847 0.0506855
4.0499 0.0515859
4.05133 0.0512793
4.05276 0.0509746
4.05419 0.0501621
4.05563 0.0518145
4.05706 0.0510254
4.05849 0.0494551
4.05992 0.0520469
4.06135 0.0519805
4.06278 0.0520664
4.06422 0.0492598
4.06565 0.050125
4.06708 0.0516055
4.06851 0.0484707
4.06994 0.0502168
4.07137 0.0503555
4.07281 0.0508262
4.07424 0.0489844
4.07567 0.0480996
4.0771 0.0524004
4.07853 0.0502207
4.07996 0.0507324
4.08139 0.049
4.08283 0.0498711
4.08426 0.0496328
4.08569 0.0492852
4.08712 0.0500859
4.08855 0.0517441
4.08998 0.0501133
4.09142 0.052166
4.09285 0.049873
4.09428 0.0508125
4.09571 0.0490586
4.09714 0.0499023
4.09857 0.0506055
4.10001 0.0497559
4.10144 0.0492246
4.10287 0.0498496
4.1043 0.0485156
4.10573 0.0514512
4.10716 0.0502871
4.1086 0.0496074
4.11003 0.0491484
4.11146 0.049123
4.11289 0.0514297
4.11432 0.051373
4.11575 0.0492461
4.11719 0.0496855
4.11862 0.0495293
4.12005 0.0494004
4.12148 0.0483848
4.12291 0.049457
4.12434 0.0499648
4.12578 0.0473125
4.12721 0.0478594
4.12864 0.0491113
4.13007 0.0483457
4.1315 0.0509102
4.13293 0.0524277
4.13437 0.0492168
4.1358 0.0493848
4.13723 0.0500137
4.13866 0.0488672
4.14009 0.0515703
4.14152 0.0483555
4.14296 0.0505137
4.14439 0.0494062
4.14582 0.0499297
4.14725 0.0516406
4.14868 0.0492031
4.15011 0.0534551
4.15155 0.0510059
4.15298 0.051748
4.15441 0.0472129
4.15584 0.0474336
4.15727 0.0490801
4.1587 0.0477988
4.16013 0.0480742
4.16157 0.0504082
4.163 0.0493418
4.16443 0.0503965
4.16586 0.0486699
4.16729 0.0480781
4.16872 0.0524707
4.17016 0.0504648
4.17159 0.0483535
4.17302 0.0503965
4.17445 0.0491172
4.17588 0.0489531
4.17731 0.049625
4.17875 0.0494062
4.18018 0.049627
4.18161 0.0474238
4.18304 0.048207
4.18447 0.0475918
4.1859 0.0495449
4.18734 0.048043
4.18877 0.0502793
4.1902 0.0474707
4.19163 0.0483926
4.19306 0.0500078
4.19449 0.0479766
4.19593 0.047541
4.19736 0.0489941
4.19879 0.050502
4.20022 0.048627
4.20165 0.0480137
4.20308 0.0474414
4.20452 0.0479629
4.20595 0.0490391
4.20738 0.0496797
4.20881 0.0500625
4.21024 0.0480723
4.21167 0.0494434
4.21311 0.0497891
4.21454 0.0491504
4.21597 0.0514785
4.2174 0.0494922
4.21883 0.0483574
4.22026 0.0488574
4.2217 0.048666
4.22313 0.0491074
4.22456 0.0502187
4.22599 0.0487832
4.22742 0.0481582
4.22885 0.0490469
4.23029 0.04875
4.23172 0.0492598
4.23315 0.0488262
4.23458 0.0491602
4.23601 0.048457
4.23744 0.0478125
4.23887 0.0475176
4.24031 0.0492324
4.24174 0.0457129
4.24317 0.0499414
4.2446 0.048291
4.24603 0.0500742
4.24746 0.0481445
4.2489 0.0481719
4.25033 0.0458438
4.25176 0.0486289
4.25319 0.0479043
4.25462 0.050873
4.25605 0.0485391
4.25749 0.050623
4.25892 0.0484746
4.26035 0.0488223
4.26178 0.0465996
4.26321 0.0506465
4.26464 0.0481191
4.26608 0.0464336
4.26751 0.0472363
4.26894 0.0482773
4.27037 0.0467285
4.2718 0.048502
4.27323 0.0492832
4.27467 0.0482949
4.2761 0.0491855
4.27753 0.0471367
4.27896 0.048041
4.28039 0.0480098
4.28182 0.0486016
4.28326 0.0470508
4.28469 0.0492168
4.28612 0.0490156
4.28755 0.0491836
4.28898 0.0473223
4.29041 0.0478066
