1.42857 7.0444
1.43 7.2239
1.43143 8.0118
1.43287 6.95564
1.4343 5.21696
1.43573 8.42172
1.43716 8.216
1.43859 7.97836
1.44002 6.76006
1.44146 8.87824
1.44289 7.8035
1.44432 7.42214
1.44575 7.1495
1.44718 6.79984
1.44861 7.78162
1.45005 7.90418
1.45148 9.51324
1.45291 8.16102
1.45434 8.28606
1.45577 9.2279
1.4572 7.63674
1.45864 9.4387
1.46007 7.99696
1.4615 9.1255
1.46293 9.0566
1.46436 8.24254
1.46579 8.96796
1.46723 7.31122
1.46866 9.31538
1.47009 10.041
1.47152 8.139
1.47295 9.94906
1.47438 7.40492
1.47582 9.24062
1.47725 7.9116
1.47868 7.52252
1.48011 11.6495
1.48154 9.41414
1.48297 8.63968
1.48441 14
1.48584 10.4827
1.48727 7.79998
1.4887 9.4288
1.49013 12.0187
1.49156 9.7264
1.493 10.3379
1.49443 9.71392
1.49586 11.008
1.49729 9.8736
1.49872 9.39814
1.50015 13.0168
1.50158 9.331
1.50302 12.8956
1.50445 8.74092
1.50588 9.43738
1.50731 11.2746
1.50874 9.04348
1.51017 10.9238
1.51161 11.1289
1.51304 15.1239
1.51447 11.8469
1.5159 10.276
1.51733 9.8631
1.51876 11.1904
1.5202 11.9013
1.52163 13.0896
1.52306 11.0335
1.52449 12.6584
1.52592 10.9227
1.52735 13.9597
1.52879 11.6051
1.53022 14.0354
1.53165 12.1071
1.53308 10.7325
1.53451 13.8199
1.53594 11.4825
1.53738 12.9129
1.53881 14.3208
1.54024 12.0516
1.54167 12.1952
1.5431 13.0542
1.54453 10.751
1.54597 11.2428
1.5474 12.0124
1.54883 12.4604
1.55026 15.4624
1.55169 15.0779
1.55312 14.3859
1.55456 14.662
1.55599 19.1559
1.55742 10.7686
1.55885 14.0962
1.56028 14.3072
1.56171 14.0299
1.56315 15.0243
1.56458 14.2096
1.56601 14.5633
1.56744 14.4032
1.56887 15.429
1.5703 15.0032
1.57174 16.17
1.57317 16.5641
1.5746 17.3784
1.57603 15.6656
1.57746 12.4088
1.57889 16.9789
1.58032 17.787
1.58176 16.0963
1.58319 17.656
1.58462 16.2315
1.58605 18.0148
1.58748 15.9523
1.58891 15.7808
1.59035 14.7414
1.59178 18.3419
1.59321 19.1776
1.59464 14.3195
1.59607 19.2877
1.5975 13.7151
1.59894 18.8135
1.60037 16.1471
1.6018 17.9592
1.60323 16.6155
1.60466 18.3776
1.60609 19.535
1.60753 18.6153
1.60896 18.0533
1.61039 23.2612
1.61182 17.0417
1.61325 18.2463
1.61468 16.2852
1.61612 19.1991
1.61755 20.2503
1.61898 19.6648
1.62041 19.9763
1.62184 18.6271
1.62327 18.4236
1.62471 19.1133
1.62614 21.008
1.62757 22.2257
1.629 16.6971
1.63043 18.7566
1.63186 24.2606
1.6333 20.096
1.63473 21.5963
1.63616 27.5911
1.63759 20.7347
1.63902 18.7084
1.64045 24.74
1.64189 23.1878
1.64332 21.2451
1.64475 19.2317
1.64618 23.4915
1.64761 20.9588
1.64904 27.468
1.65048 26.9024
1.65191 21.9391
1.65334 23.732
1.65477 26.0261
1.6562 24.3405
1.65763 19.7254
1.65906 22.9014
1.6605 22.2104
1.66193 21.344
1.66336 22.348
1.66479 23.3725
1.66622 18.056
1.66765 24.1989
1.66909 25.7467
1.67052 21.2304
1.67195 24.4219
1.67338 37.4976
1.67481 28.4571
1.67624 27.1863
1.67768 23.1917
1.67911 26.5305
1.68054 26.2927
1.68197 23.3701
1.6834 24.9803
1.68483 24.4198
1.68627 23.8534
1.6877 24.5175
1.68913 26.4256
1.69056 22.619
1.69199 27.22
1.69342 31.2117
1.69486 24.1489
1.69629 23.8815
1.69772 25.8069
1.69915 27.6001
1.70058 29.7024
1.70201 22.5159
1.70345 28.7713
1.70488 31.849
1.70631 32.8248
1.70774 25.4585
1.70917 28.8675
1.7106 34.342
1.71204 33.6948
1.71347 30.8152
1.7149 35.2854
1.71633 33.215
1.71776 36.0461
1.71919 35.3524
1.72063 29.8095
1.72206 32.5936
1.72349 37.5934
1.72492 32.0155
1.72635 46.4719
1.72778 38.9738
1.72922 33.0596
1.73065 43.1535
1.73208 31.2791
1.73351 32.75
1.73494 47.479
1.73637 32.2038
1.73781 42.8294
1.73924 37.546
1.74067 44.7564
1.7421 35.7887
1.74353 37.284
1.74496 37.9277
1.74639 31.5484
1.74783 36.1151
1.74926 42.4124
1.75069 31.2631
1.75212 36.4281
1.75355 31.5951
1.75498 48.7233
1.75642 38.9757
1.75785 40.0009
1.75928 38.8991
1.76071 35.3935
1.76214 39.8487
1.76357 39.3304
1.76501 47.4394
1.76644 40.1403
1.76787 40.9872
1.7693 43.43
1.77073 36.6222
1.77216 42.6556
1.7736 45.3977
1.77503 53.3659
1.77646 42.8865
1.77789 52.1826
1.77932 52.5273
1.78075 44.8199
1.78219 59.9785
1.78362 53.7763
1.78505 58.0341
1.78648 45.6879
1.78791 51.7647
1.78934 54.5232
1.79078 52.9169
1.79221 57.0759
1.79364 46.2711
1.79507 51.791
1.7965 56.3959
1.79793 56.2883
1.79937 41.9279
1.8008 70.0787
1.80223 44.4365
1.80366 59.3581
1.80509 58.3921
1.80652 50.0704
1.80796 53.3328
1.80939 70.9072
1.81082 49.5266
1.81225 55.3572
1.81368 62.5839
1.81511 61.1171
1.81655 46.0365
1.81798 59.9261
1.81941 52.4602
1.82084 40.4058
1.82227 46.5435
1.8237 58.5578
1.82513 71.0102
1.82657 60.7013
1.828 78.4996
1.82943 68.3959
1.83086 71.083
1.83229 57.4574
1.83372 61.8679
1.83516 55.8621
1.83659 57.5995
1.83802 57.7364
1.83945 69.095
1.84088 71.0611
1.84231 73.9276
1.84375 59.4998
1.84518 52.965
1.84661 54.9203
1.84804 64.8153
1.84947 60.231
1.8509 56.6801
1.85234 90.3255
1.85377 76.0439
1.8552 80.8277
1.85663 69.3378
1.85806 68.8655
1.85949 72.4227
1.86093 73.0395
1.86236 103.429
1.86379 73.1926
1.86522 81.2602
1.86665 72.8519
1.86808 76.8758
1.86952 64.5094
1.87095 70.0038
1.87238 63.1217
1.87381 89.2144
1.87524 107.921
1.87667 110.335
1.87811 83.2871
1.87954 71.2439
1.88097 89.3535
1.8824 83.7705
1.88383 106.836
1.88526 73.9846
1.8867 71.8121
1.88813 80.7821
1.88956 106.659
1.89099 82.8153
1.89242 80.801
1.89385 102.732
1.89529 93.0347
1.89672 83.0907
1.89815 120.854
1.89958 83.4819
1.90101 98.7505
1.90244 97.0107
1.90387 67.266
1.90531 96.6224
1.90674 118.677
1.90817 104.567
1.9096 93.696
1.91103 106.217
1.91246 93.8966
1.9139 85.1479
1.91533 93.7812
1.91676 92.2784
1.91819 103.489
1.91962 119.656
1.92105 123.517
1.92249 89.3579
1.92392 87.8987
1.92535 93.7547
1.92678 122.886
1.92821 204.784
1.92964 132.611
1.93108 110.4
1.93251 102.946
1.93394 93.2167
1.93537 107.615
1.9368 129.93
1.93823 98.456
1.93967 134.306
1.9411 136.246
1.94253 141.329
1.94396 116.998
1.94539 115.732
1.94682 104.744
1.94826 103.247
1.94969 169.391
1.95112 116.089
1.95255 114.984
1.95398 142.955
1.95541 139.995
1.95685 146.966
1.95828 112.918
1.95971 130.594
1.96114 136.12
1.96257 143.743
1.964 107.752
1.96544 125.704
1.96687 131.598
1.9683 185.727
1.96973 118.639
1.97116 148.226
1.97259 261.753
1.97403 183.426
1.97546 142.927
1.97689 134.623
1.97832 149.455
1.97975 133.694
1.98118 158.429
1.98261 177.111
1.98405 166.256
1.98548 189.991
1.98691 198.9
1.98834 148.088
1.98977 142.678
1.9912 141.919
1.99264 201.873
1.99407 312.685
1.9955 136.495
1.99693 168.587
1.99836 225.39
1.99979 185.997
2.00123 223.721
2.00266 202.522
2.00409 287.417
2.00552 233.124
2.00695 207.021
2.00838 216.418
2.00982 266.311
2.01125 161.427
2.01268 153.265
2.01411 378.284
2.01554 193.868
2.01697 262.179
2.01841 175.609
2.01984 219.963
2.02127 226.646
2.0227 238.502
2.02413 318.746
2.02556 226.151
2.027 200.346
2.02843 372.492
2.02986 234.514
2.03129 205.034
2.03272 196.24
2.03415 605.255
2.03559 204.25
2.03702 293.406
2.03845 292.728
2.03988 246.18
2.04131 259.874
2.04274 243.808
2.04418 248.322
2.04561 274.914
2.04704 313.474
2.04847 281.04
2.0499 279.991
2.05133 259.646
2.05277 398.539
2.0542 245.654
2.05563 242.294
2.05706 339.316
2.05849 485.624
2.05992 295.902
2.06135 283.12
2.06279 346.814
2.06422 252.228
2.06565 385.375
2.06708 349.872
2.06851 297.086
2.06994 332.26
2.07138 365.009
2.07281 374.851
2.07424 509.877
2.07567 404.15
2.0771 405.88
2.07853 434.623
2.07997 310.124
2.0814 321.287
2.08283 363.013
2.08426 486.316
2.08569 565.3
2.08712 276.37
2.08856 395.389
2.08999 310.579
2.09142 549.229
2.09285 466.146
2.09428 313.238
2.09571 399.14
2.09715 699.717
2.09858 403.64
2.10001 450.84
2.10144 516.044
2.10287 445.347
2.1043 352.673
2.10574 603.236
2.10717 370.224
2.1086 666.398
2.11003 633.002
2.11146 507.696
2.11289 644.107
2.11433 707.428
2.11576 895.346
2.11719 593.53
2.11862 588.998
2.12005 639.404
2.12148 622.115
2.12292 436.109
2.12435 611.665
2.12578 497.428
2.12721 662.412
2.12864 731.12
2.13007 510.116
2.13151 693.044
2.13294 545.072
2.13437 897.38
2.1358 859.188
2.13723 895.044
2.13866 753.808
2.1401 623.94
2.14153 642.848
2.14296 709.296
2.14439 543.353
2.14582 1046.8
2.14725 694.302
2.14868 802.317
2.15012 996.509
2.15155 1126.05
2.15298 737.064
2.15441 828.497
2.15584 878.31
2.15727 714.673
2.15871 1019.26
2.16014 956.383
2.16157 1624.69
2.163 1235.76
2.16443 990.072
2.16586 786.664
2.1673 1225.27
2.16873 1144.41
2.17016 1502.31
2.17159 971.468
2.17302 1146.67
2.17445 1152.14
2.17589 1108.46
2.17732 1258.84
2.17875 1293.23
2.18018 965.131
2.18161 869.991
2.18304 998.964
2.18448 1291.81
2.18591 966.265
2.18734 1441.56
2.18877 1964.05
2.1902 1195.75
2.19163 1214.81
2.19307 1334.45
2.1945 936.191
2.19593 1329.06
2.19736 1615.54
2.19879 1205.64
2.20022 1210.57
2.20166 1453.59
2.20309 1459.59
2.20452 1431.54
2.20595 1356.68
2.20738 1369.61
2.20881 911.091
2.21025 954.412
2.21168 1353.86
2.21311 1518.65
2.21454 1313.61
2.21597 2005.84
2.2174 1696.98
2.21884 1819.48
2.22027 1612.86
2.2217 1775.19
2.22313 1750.67
2.22456 1755.08
2.22599 1575.08
2.22742 1526.02
2.22886 1978.45
2.23029 1956.12
2.23172 2380.36
2.23315 2035.79
2.23458 1576.41
2.23601 2198.94
2.23745 1476.3
2.23888 2402.22
2.24031 1689
2.24174 2484.83
2.24317 1905.57
2.2446 2419.55
2.24604 1758.84
2.24747 1751.83
2.2489 2094.7
2.25033 1785.55
2.25176 2017.4
2.25319 1710.09
2.25463 2217.93
2.25606 2335.11
2.25749 2102.8
2.25892 2101.67
2.26035 2690.23
2.26178 2137.42
2.26322 2193.32
2.26465 2341.25
2.26608 2875.43
2.26751 2246.88
2.26894 2411.76
2.27037 2500.67
2.27181 1909.65
2.27324 2553.04
2.27467 2666.8
2.2761 2852.44
2.27753 2422.55
2.27896 2514.99
2.2804 2858.73
2.28183 2930.68
2.28326 2447.85
2.28469 2941.96
2.28612 2451.14
2.28755 3319.71
2.28899 2510.21
2.29042 2418.54
2.29185 2314.95
2.29328 2764.67
2.29471 2569.86
2.29614 2778.2
2.29758 3080.32
2.29901 2968.22
2.30044 2672.5
2.30187 2885.62
2.3033 2136.34
2.30473 3157.56
2.30616 3114.3
2.3076 3588.56
2.30903 2836.31
2.31046 3072.2
2.31189 2856.37
2.31332 2922.61
2.31475 3086.03
2.31619 3171.93
2.31762 3183.18
2.31905 2942.9
2.32048 3602.29
2.32191 3278.81
2.32334 3273.35
2.32478 3033.25
2.32621 3215.34
2.32764 3344.67
2.32907 3234.58
2.3305 3556.08
2.33193 3169.15
2.33337 3334.23
2.3348 3514.48
2.33623 3212.36
2.33766 2611.31
2.33909 3298.45
2.34052 3156.82
2.34196 2948.42
2.34339 3246.83
2.34482 3694.03
2.34625 3481.4
2.34768 3536.5
2.34911 3382.56
2.35055 3370.29
2.35198 3562.97
2.35341 3754.78
2.35484 3736.22
2.35627 3666.51
2.3577 3525.65
2.35914 3306.98
2.36057 3319.32
2.362 3663.99
2.36343 3519.64
2.36486 3528.75
2.36629 3685.24
2.36773 3858.55
2.36916 3762.95
2.37059 3533.99
2.37202 3445.26
2.37345 3721.04
2.37488 3355.1
2.37632 3769.74
2.37775 3929.91
2.37918 3436.03
2.38061 3585.36
2.38204 3683.7
2.38347 3666.98
2.3849 4127.51
2.38634 3649.77
2.38777 4024.45
2.3892 3614.95
2.39063 3433.75
2.39206 3744.35
2.39349 3743.7
2.39493 3726.05
2.39636 3779.19
2.39779 3670.13
2.39922 3742.96
2.40065 3877.99
2.40208 3977.17
2.40352 3666.46
2.40495 3276.52
2.40638 3578.69
2.40781 3771.4
2.40924 3630.82
2.41067 3681.54
2.41211 3782.67
2.41354 3858.02
2.41497 3739.67
2.4164 3717.47
2.41783 3684.17
2.41926 3895.93
2.4207 3818.84
2.42213 3503.31
2.42356 3675.48
2.42499 3902.54
2.42642 3778.36
2.42785 3840.6
2.42929 3615.68
2.43072 3803.49
2.43215 3660.51
2.43358 3595.55
2.43501 3845.75
2.43644 3811.79
2.43788 3628.78
2.43931 3729.48
2.44074 3515.2
2.44217 3551.41
2.4436 3717.44
2.44503 3637.07
2.44647 3673.99
2.4479 3652.72
2.44933 3673.41
2.45076 3658.72
2.45219 3711.19
2.45362 3425.47
2.45506 3416.78
2.45649 3615.91
2.45792 3353.64
2.45935 3660.2
2.46078 3817.34
2.46221 3630.23
2.46365 3241.26
2.46508 3459.68
2.46651 3471.6
2.46794 3698.89
2.46937 3536.84
2.4708 3350.45
2.47223 3847.04
2.47367 3437.62
2.4751 3593.05
2.47653 3572
2.47796 3375.01
2.47939 3511.98
2.48082 3064.15
2.48226 3375.85
2.48369 3737.66
2.48512 3425.13
2.48655 3316.36
2.48798 3179.72
2.48941 3478.78
2.49085 3400.99
2.49228 3278.15
2.49371 3321.11
2.49514 3243.68
2.49657 3487.36
2.498 3341.06
2.49944 3050.7
2.50087 3387.91
2.5023 3047.18
2.50373 3483.94
2.50516 3454.16
2.50659 3424.95
2.50803 3342.5
2.50946 3029.32
2.51089 3485.87
2.51232 3192.5
2.51375 3172.31
2.51518 3038.2
2.51662 3251.24
2.51805 3247.05
2.51948 3510.58
2.52091 3214.79
2.52234 3408.22
2.52377 3045.66
2.52521 3261.9
2.52664 3029.49
2.52807 3024.18
2.5295 3000.92
2.53093 2840.79
2.53236 2898.37
2.5338 3310.5
2.53523 3041.53
2.53666 3076.05
2.53809 2943.41
2.53952 2995.82
2.54095 2990.44
2.54239 3225.02
2.54382 2917.44
2.54525 2985.09
2.54668 2951.72
2.54811 2992
2.54954 2808.04
2.55097 2955.07
2.55241 2874.8
2.55384 2739.23
2.55527 2970.76
2.5567 2940.6
2.55813 2951.68
2.55956 2788.6
2.561 2631.88
2.56243 2497.26
2.56386 2852.09
2.56529 2799.96
2.56672 2814.96
2.56815 2860.99
2.56959 2841.23
2.57102 2569.43
2.57245 2937.52
2.57388 2984.23
2.57531 2676.82
2.57674 2582.99
2.57818 2711.5
2.57961 2705.04
2.58104 2732.25
2.58247 2706.62
2.5839 2545.55
2.58533 2337.2
2.58677 2560.61
2.5882 2826.91
2.58963 2722.33
2.59106 2677.6
2.59249 2519.8
2.59392 2551.57
2.59536 2723.32
2.59679 2455.98
2.59822 2719.23
2.59965 2427.34
2.60108 2673.71
2.60251 2437.47
2.60395 2522.94
2.60538 2473.12
2.60681 2409.35
2.60824 2332.32
2.60967 2288.45
2.6111 2477
2.61254 2380.27
2.61397 2426.31
2.6154 2358.3
2.61683 2360.79
2.61826 2309.1
2.61969 2362.97
2.62113 2380.93
2.62256 2465.44
2.62399 2569.35
2.62542 2568.11
2.62685 2326.44
2.62828 2368.51
2.62971 2227.46
2.63115 2389.72
2.63258 2281.66
2.63401 2105.13
2.63544 2511.66
2.63687 2379.62
2.6383 2273.82
2.63974 2254.03
2.64117 2511.67
2.6426 2285.45
2.64403 2015.33
2.64546 2199.38
2.64689 2323.13
2.64833 2487.57
2.64976 2329.88
2.65119 2186.86
2.65262 2141.69
2.65405 2292.77
2.65548 2157.24
2.65692 2210.4
2.65835 2011.05
2.65978 2396.17
2.66121 2303.92
2.66264 1988.8
2.66407 2139.21
2.66551 2094.14
2.66694 2182.85
2.66837 1830.83
2.6698 1868.94
2.67123 2131.48
2.67266 2118.05
2.6741 2053.9
2.67553 2221.18
2.67696 2156.6
2.67839 1803.82
2.67982 1966.84
2.68125 2149.3
2.68269 2031.25
2.68412 1995.3
2.68555 1928.41
2.68698 1938.1
2.68841 1879.2
2.68984 1998.91
2.69128 1977.36
2.69271 1809.13
2.69414 2023.48
2.69557 1973.25
2.697 2165.38
2.69843 1957.19
2.69987 1920.58
2.7013 1968.88
2.70273 1818.74
2.70416 2049.7
2.70559 1765.77
2.70702 2016.84
2.70845 2046.49
2.70989 1766.04
2.71132 2044.13
2.71275 1936.57
2.71418 1731.49
2.71561 1905.11
2.71704 1710.95
2.71848 1897.47
2.71991 2047.25
2.72134 1798.79
2.72277 1995.58
2.7242 1712.6
2.72563 1804.15
2.72707 1790.66
2.7285 1865.32
2.72993 1789.11
2.73136 1884.81
2.73279 1778.33
2.73422 1647.48
2.73566 1734.64
2.73709 1687.91
2.73852 1529.26
2.73995 1821.61
2.74138 1882.38
2.74281 1925.69
2.74425 1706.86
2.74568 1755.67
2.74711 1737.28
2.74854 1818
2.74997 1561.45
2.7514 1657.85
2.75284 1724.69
2.75427 1774.88
2.7557 1721.27
2.75713 1766.51
2.75856 1676.88
2.75999 1667.62
2.76143 1669.35
2.76286 1649.06
2.76429 1538.14
2.76572 1554.62
2.76715 1704.13
2.76858 1532.01
2.77002 1485.37
2.77145 1767.36
2.77288 1480.72
2.77431 1643.07
2.77574 1482.04
2.77717 1659.38
2.77861 1457.68
2.78004 1631.87
2.78147 1710
2.7829 1603.88
2.78433 1576.33
2.78576 1471.77
2.78719 1568.12
2.78863 1562.79
2.79006 1619.2
2.79149 1439.21
2.79292 1548.04
2.79435 1590.75
2.79578 1571.1
2.79722 1609.58
2.79865 1353.24
2.80008 1454.17
2.80151 1500.59
2.80294 1539.96
2.80437 1451.95
2.80581 1523.18
2.80724 1519.68
2.80867 1327.48
2.8101 1433.19
2.81153 1355.46
2.81296 1472.05
2.8144 1484.74
2.81583 1489.1
2.81726 1453.88
2.81869 1435.26
2.82012 1586.4
2.82155 1311.76
2.82299 1426.33
2.82442 1442.4
2.82585 1488.14
2.82728 1249.84
2.82871 1393.4
2.83014 1240.65
2.83158 1420.39
2.83301 1341.48
2.83444 1217.74
2.83587 1310.18
2.8373 1472.84
2.83873 1444.08
2.84017 1336.85
2.8416 1425.22
2.84303 1315.47
2.84446 1428.09
2.84589 1313.62
2.84732 1297.59
2.84876 1331.8
2.85019 1117.03
2.85162 1337.45
2.85305 1304.75
2.85448 1473.37
2.85591 1282.51
2.85735 1237.91
2.85878 1308.63
2.86021 1263.78
2.86164 1377.94
2.86307 1475.36
2.8645 1480.95
2.86594 1461.96
2.86737 1351.36
2.8688 1341.96
2.87023 1291.5
2.87166 1285.35
2.87309 1307.49
2.87452 1309.37
2.87596 1336.78
2.87739 1166.11
2.87882 1157.59
2.88025 1259.1
2.88168 1464.12
2.88311 1231.12
2.88455 1302.69
2.88598 1234.49
2.88741 1347.99
2.88884 1340.1
2.89027 1194.88
2.8917 1211.57
2.89314 1287.35
2.89457 1332.58
2.896 1177.33
2.89743 1290.48
2.89886 1049.95
2.90029 1234.03
2.90173 1244
2.90316 1263.27
2.90459 1207.03
2.90602 1190
2.90745 1258.81
2.90888 1160.75
2.91032 1218.29
2.91175 1242.7
2.91318 1180.89
2.91461 1172.6
2.91604 1220.66
2.91747 1219.5
2.91891 1116.13
2.92034 1205.16
2.92177 1187.86
2.9232 1171.82
2.92463 1055.69
2.92606 1224.95
2.9275 1162.57
2.92893 1258.96
2.93036 1175.47
2.93179 1146.36
2.93322 1085.21
2.93465 1152.78
2.93609 1112.95
2.93752 1105.61
2.93895 1132.18
2.94038 1035.36
2.94181 1057.8
2.94324 1133.26
2.94468 1112.61
2.94611 1133.81
2.94754 1164.74
2.94897 1100.94
2.9504 1044.63
2.95183 1178.23
2.95326 999.247
2.9547 1238.23
2.95613 1087.68
2.95756 1184.76
2.95899 1034.63
2.96042 1124.75
2.96185 1156.53
2.96329 1092.09
2.96472 1099.57
2.96615 974.259
2.96758 1096.29
2.96901 1089.89
2.97044 1047.17
2.97188 1107.02
2.97331 1210.42
2.97474 1076.86
2.97617 1068.54
2.9776 1073.48
2.97903 1158.45
2.98047 1072.04
2.9819 1048.59
2.98333 1025.24
2.98476 1156.05
2.98619 1197.86
2.98762 1094.69
2.98906 962.032
2.99049 1030.89
2.99192 991.855
2.99335 1074.91
2.99478 1065.05
2.99621 1072.9
2.99765 1017.41
2.99908 996.057
3.00051 957.194
3.00194 947.761
3.00337 1013.09
3.0048 950.058
3.00624 1040.8
3.00767 1059.69
3.0091 1075.47
3.01053 1075.45
3.01196 1073.31
3.01339 930.802
3.01483 982.512
3.01626 1070.43
3.01769 973.792
3.01912 949.353
3.02055 966.093
3.02198 895.232
3.02342 1093.93
3.02485 942.447
3.02628 986.03
3.02771 1035.53
3.02914 1026.85
3.03057 1002.93
3.032 1064.77
3.03344 1028.05
3.03487 1013.61
3.0363 1013.36
3.03773 1021.58
3.03916 946.767
3.04059 1031.61
3.04203 974.401
3.04346 1073.04
3.04489 940.338
3.04632 981.011
3.04775 947.082
3.04918 937.678
3.05062 839.456
3.05205 934.526
3.05348 937.144
3.05491 899.462
3.05634 914.683
3.05777 915.151
3.05921 863.808
3.06064 990.381
3.06207 940.906
3.0635 909.517
3.06493 1002.43
3.06636 888.996
3.0678 840.417
3.06923 892.568
3.07066 888.69
3.07209 965.396
3.07352 846.6
3.07495 966.76
3.07639 880.56
3.07782 859.79
3.07925 852.907
3.08068 948.422
3.08211 911.752
3.08354 922.694
3.08498 894.041
3.08641 920.951
3.08784 898.471
3.08927 908.835
3.0907 939.448
3.09213 960.987
3.09357 807.344
3.095 831.259
3.09643 894.962
3.09786 985.408
3.09929 790.174
3.10072 825.493
3.10216 888.59
3.10359 894.807
3.10502 938.904
3.10645 837.115
3.10788 940.935
3.10931 855.885
3.11074 854.98
3.11218 898.94
3.11361 836.74
3.11504 870.45
3.11647 926.262
3.1179 876.674
3.11933 854.971
3.12077 847.532
3.1222 883.55
3.12363 867.041
3.12506 881.723
3.12649 826.941
3.12792 956.63
3.12936 884.648
3.13079 847.099
3.13222 853.695
3.13365 844.564
3.13508 847.439
3.13651 799.176
3.13795 837.221
3.13938 829.287
3.14081 968.653
3.14224 792.695
3.14367 778.798
3.1451 818.886
3.14654 894.375
3.14797 888.24
3.1494 747.201
3.15083 810.076
3.15226 819.11
3.15369 823.622
3.15513 841.067
3.15656 887.134
3.15799 806.927
3.15942 869.621
3.16085 774.537
3.16228 813.752
3.16372 860.198
3.16515 856.136
3.16658 882.132
3.16801 798.528
3.16944 784.664
3.17087 763.837
3.17231 852.196
3.17374 766.63
3.17517 842.005
3.1766 767.477
3.17803 728.147
3.17946 739.82
3.1809 862.668
3.18233 815.458
3.18376 794.52
3.18519 782.078
3.18662 821.356
3.18805 806.538
3.18948 693.628
3.19092 809.966
3.19235 761.329
3.19378 829.792
3.19521 722.532
3.19664 731.824
3.19807 796.678
3.19951 772.822
3.20094 725.438
3.20237 725.011
3.2038 731.224
3.20523 801.931
3.20666 741.776
3.2081 732.039
3.20953 730.76
3.21096 768.907
3.21239 796.209
3.21382 749.807
3.21525 794.734
3.21669 678.736
3.21812 771.229
3.21955 729.983
3.22098 731.954
3.22241 757.597
3.22384 665.856
3.22528 743.458
3.22671 744.152
3.22814 725.647
3.22957 768.222
3.231 637.265
3.23243 811.252
3.23387 781.884
3.2353 732.913
3.23673 784.977
3.23816 852.35
3.23959 727.3
3.24102 730.04
3.24246 694.164
3.24389 744.869
3.24532 703.706
3.24675 700.353
3.24818 739.242
3.24961 711.132
3.25105 736.691
3.25248 678.682
3.25391 759.62
3.25534 763.834
3.25677 736.641
3.2582 753.242
3.25964 721.136
3.26107 715.826
3.2625 780.124
3.26393 731.64
3.26536 813.907
3.26679 687.624
3.26823 728.196
3.26966 686.816
3.27109 682.732
3.27252 692.051
3.27395 652.764
3.27538 707.504
3.27681 684.781
3.27825 711.068
3.27968 704.353
3.28111 679.011
3.28254 733.722
3.28397 764.072
3.2854 768.904
3.28684 677.425
3.28827 667.472
3.2897 686.096
3.29113 726.335
3.29256 616.918
3.29399 761.719
3.29543 676.636
3.29686 653.152
3.29829 682.269
3.29972 729.366
3.30115 690.198
3.30258 711.038
3.30402 635.101
3.30545 730.86
3.30688 718.155
3.30831 742.368
3.30974 655.576
3.31117 709.956
3.31261 639.098
3.31404 668.037
3.31547 681.09
3.3169 652.769
3.31833 697.372
3.31976 585.546
3.3212 626.639
3.32263 670.433
3.32406 645.833
3.32549 681.128
3.32692 627.379
3.32835 712.143
3.32979 681.688
3.33122 687.556
3.33265 696.742
3.33408 656.75
3.33551 708.603
3.33694 644.916
3.33838 645.759
3.33981 623.576
3.34124 684.121
3.34267 634.302
3.3441 672.264
3.34553 633.978
3.34697 652.053
3.3484 645.881
3.34983 557.012
3.35126 679.355
3.35269 648.394
3.35412 655.179
3.35555 606.728
3.35699 589.145
3.35842 613.956
3.35985 586.044
3.36128 569.444
3.36271 654.048
3.36414 612.542
3.36558 614.708
3.36701 612.506
3.36844 652.312
3.36987 631.318
3.3713 618.208
3.37273 564.446
3.37417 641.991
3.3756 611.074
3.37703 618.674
3.37846 607.223
3.37989 691.5
3.38132 569.937
3.38276 664.412
3.38419 687.822
3.38562 594.829
3.38705 650.262
3.38848 627.169
3.38991 533.652
3.39135 635.374
3.39278 593.002
3.39421 620.064
3.39564 654.844
3.39707 552.691
3.3985 626.759
3.39994 622.392
3.40137 696.51
3.4028 593.197
3.40423 590.485
3.40566 608.161
3.40709 634.806
3.40853 603.442
3.40996 606.385
3.41139 592.638
3.41282 624.941
3.41425 605.712
3.41568 555.09
3.41712 630.093
3.41855 634.423
3.41998 622.056
3.42141 512.951
3.42284 542.694
3.42427 586.554
3.42571 615.569
3.42714 571.465
3.42857 573.294
3.43 565.709
3.43143 627.287
3.43286 547.187
3.43429 599.52
3.43573 527.51
3.43716 586.272
3.43859 630.153
3.44002 571.996
3.44145 576.697
3.44288 571.523
3.44432 605.179
3.44575 535.536
3.44718 584.144
3.44861 529.428
3.45004 612.662
3.45147 618.162
3.45291 594.77
3.45434 583.041
3.45577 575.196
3.4572 636.038
3.45863 610.525
3.46006 562.856
3.4615 536.794
3.46293 589.48
3.46436 539.705
3.46579 579.603
3.46722 658.512
3.46865 558.624
3.47009 560.809
3.47152 587.777
3.47295 546.264
3.47438 577.659
3.47581 525.73
3.47724 549.664
3.47868 675.21
3.48011 576.833
3.48154 532.099
3.48297 522.127
3.4844 504.695
3.48583 602.384
3.48727 526.641
3.4887 544.948
3.49013 561.479
3.49156 559.137
3.49299 613.026
3.49442 502.48
3.49586 483.035
3.49729 550.244
3.49872 543.839
3.50015 531.992
3.50158 534.733
3.50301 499.931
3.50445 556.583
3.50588 546.66
3.50731 588.192
3.50874 499.057
3.51017 541.975
3.5116 584.387
3.51303 529.78
3.51447 556.682
3.5159 542.131
3.51733 574.55
3.51876 579.85
3.52019 540.618
3.52162 537.313
3.52306 480.572
3.52449 509.114
3.52592 502.318
3.52735 524.712
3.52878 520.506
3.53021 534.816
3.53165 588.58
3.53308 562.24
3.53451 570.271
3.53594 532.824
3.53737 521.351
3.5388 550.952
3.54024 558.438
3.54167 562.557
3.5431 558.492
3.54453 593.767
3.54596 566.299
3.54739 534.456
3.54883 501.09
3.55026 527.84
3.55169 602.271
3.55312 517.727
3.55455 535.43
3.55598 569.5
3.55742 504.627
3.55885 540.015
3.56028 544.403
3.56171 554.647
3.56314 595.596
3.56457 533.599
3.56601 534.276
3.56744 569.624
3.56887 531.297
3.5703 526.838
3.57173 474.038
3.57316 539.585
3.5746 538.2
3.57603 507.586
3.57746 551.049
3.57889 529.627
3.58032 501.361
3.58175 480.236
3.58319 553.133
3.58462 485.98
3.58605 514.471
3.58748 502.208
3.58891 540.677
3.59034 571.88
3.59177 530.209
3.59321 533.122
3.59464 540.763
3.59607 529.829
3.5975 541.792
3.59893 541.566
3.60036 445.056
3.6018 487.514
3.60323 501.376
3.60466 458.714
3.60609 549.697
3.60752 508.579
3.60895 499.761
3.61039 496.478
3.61182 519.12
3.61325 546.718
3.61468 525.95
3.61611 529.38
3.61754 507.061
3.61898 523.742
3.62041 528.596
3.62184 449.871
3.62327 499.692
3.6247 488.668
3.62613 464.422
3.62757 466.579
3.629 511.076
3.63043 529.291
3.63186 485.773
3.63329 492.456
3.63472 521.128
3.63616 492.089
3.63759 482.803
3.63902 496.322
3.64045 500.576
3.64188 511.004
3.64331 487.496
3.64475 526.687
3.64618 483.118
3.64761 490.654
3.64904 449.168
3.65047 488.02
3.6519 482.226
3.65334 515.644
3.65477 459.943
3.6562 484.288
3.65763 501.898
3.65906 472.027
3.66049 510.18
3.66193 496.86
3.66336 516.568
3.66479 464.515
3.66622 460.715
3.66765 467.327
3.66908 466.85
3.67052 497.519
3.67195 498.888
3.67338 452.376
3.67481 467.319
3.67624 476.927
3.67767 503.68
3.6791 458.593
3.68054 455.542
3.68197 465.126
3.6834 518.88
3.68483 481.925
3.68626 460.218
3.68769 435.778
3.68913 466.087
3.69056 507.602
3.69199 506.658
3.69342 528.935
3.69485 448.338
3.69628 496.498
3.69772 482.544
3.69915 470.477
3.70058 483.369
3.70201 465.762
3.70344 485.327
3.70487 513.852
3.70631 474.316
3.70774 453.19
3.70917 504.868
3.7106 475.142
3.71203 473.107
3.71346 474.96
3.7149 526.087
3.71633 425.922
3.71776 489.456
3.71919 480.186
3.72062 490.642
3.72205 465.662
3.72349 460.48
3.72492 472.162
3.72635 455.448
3.72778 461.11
3.72921 459.268
3.73064 475.185
3.73208 482.4
3.73351 459.166
3.73494 484.431
3.73637 474.908
3.7378 483.736
3.73923 488.718
3.74067 452.519
3.7421 430.086
3.74353 411.774
3.74496 462.594
3.74639 435.469
3.74782 436.81
3.74926 500.142
3.75069 507.909
3.75212 498.787
3.75355 426.171
3.75498 459.752
3.75641 420.607
3.75784 435.866
3.75928 467.275
3.76071 466.983
3.76214 459.912
3.76357 418.736
3.765 491.177
3.76643 434.827
3.76787 408.226
3.7693 481.79
3.77073 435.375
3.77216 466.844
3.77359 458.526
3.77502 468.498
3.77646 462.674
3.77789 445.954
3.77932 463.902
3.78075 464.291
3.78218 439.738
3.78361 467.604
3.78505 470.466
3.78648 461.116
3.78791 423.231
3.78934 420.638
3.79077 452.788
3.7922 431.142
3.79364 402.656
3.79507 471.874
3.7965 435.433
3.79793 447.574
3.79936 466.312
3.80079 428.076
3.80223 406.499
3.80366 455.22
3.80509 413.908
3.80652 464.089
3.80795 449.932
3.80938 475.235
3.81082 432.877
3.81225 440.335
3.81368 445.811
3.81511 397.186
3.81654 417.44
3.81797 424.498
3.81941 463.826
3.82084 435.07
3.82227 448.757
3.8237 450.672
3.82513 454.338
3.82656 420.924
3.828 471.542
3.82943 455.733
3.83086 471.711
3.83229 460.925
3.83372 433.232
3.83515 441.823
3.83658 416.481
3.83802 391.138
3.83945 474.478
3.84088 415.106
3.84231 449.894
3.84374 394.166
3.84517 453.355
3.84661 461.069
3.84804 453.42
3.84947 435.201
3.8509 470.134
3.85233 402.28
3.85376 413.319
3.8552 441.61
3.85663 387.784
3.85806 419.828
3.85949 436.821
3.86092 412.899
3.86235 452.98
3.86379 437.698
3.86522 422.164
3.86665 442.843
3.86808 439.536
3.86951 461.731
3.87094 383.679
3.87238 407.941
3.87381 434.566
3.87524 463.554
3.87667 425.003
3.8781 440.076
3.87953 440.522
3.88097 428.65
3.8824 416.342
3.88383 474.028
3.88526 439.198
3.88669 401.643
3.88812 429.864
3.88956 464.301
3.89099 389.136
3.89242 424.686
3.89385 397.259
3.89528 430.52
3.89671 433.68
3.89815 368.35
3.89958 439.066
3.90101 402.848
3.90244 383.06
3.90387 428.35
3.9053 447.173
3.90674 430.583
3.90817 429.573
3.9096 440.052
3.91103 387.124
3.91246 395.176
3.91389 422.367
3.91532 397.758
3.91676 404.785
3.91819 394.993
3.91962 378.91
3.92105 431.829
3.92248 397.353
3.92391 418.647
3.92535 429.327
3.92678 424.624
3.92821 427.112
3.92964 416.583
3.93107 419.756
3.9325 422.062
3.93394 404.706
3.93537 389.262
3.9368 414.089
3.93823 371.567
3.93966 426.143
3.94109 436.73
3.94253 411.026
3.94396 393.128
3.94539 386.015
3.94682 404.928
3.94825 345.383
3.94968 424.531
3.95112 416.712
3.95255 395.028
3.95398 389.542
3.95541 416.909
3.95684 387.972
3.95827 409.39
3.95971 422.097
3.96114 399.987
3.96257 383.284
3.964 387.518
3.96543 380
3.96686 426.462
3.9683 422.766
3.96973 426.155
3.97116 368.9
3.97259 417.23
3.97402 360.18
3.97545 394.128
3.97689 403.733
3.97832 371.763
3.97975 377.72
3.98118 424.805
3.98261 401.402
3.98404 356.885
3.98548 380.283
3.98691 394.889
3.98834 451.27
3.98977 378.294
3.9912 397.86
3.99263 383.634
3.99406 393.879
3.9955 414.846
3.99693 410.995
3.99836 412.299
3.99979 426.406
4.00122 367.229
4.00265 375.525
4.00409 386.602
4.00552 371.999
4.00695 400.727
4.00838 383.952
4.00981 371.431
4.01124 404.536
4.01268 381.432
4.01411 396.765
4.01554 444.714
4.01697 390.476
4.0184 379.833
4.01983 340.252
4.02127 377.317
4.0227 401.749
4.02413 434.169
4.02556 368.389
4.02699 421.06
4.02842 370.903
4.02986 398.516
4.03129 380.4
4.03272 343.67
4.03415 395.844
4.03558 422.568
4.03701 384.937
4.03845 422.999
4.03988 394.852
4.04131 398.872
4.04274 370.582
4.04417 435.547
4.0456 409.483
4.04704 371.707
4.04847 380.289
4.0499 357.372
4.05133 376.332
4.05276 396.968
4.05419 372.632
4.05563 408.27
4.05706 381.723
4.05849 389.922
4.05992 354.784
4.06135 414.62
4.06278 400.749
4.06422 403.438
4.06565 375.186
4.06708 391.513
4.06851 370.94
4.06994 343.412
4.07137 401.912
4.07281 363.427
4.07424 327.191
4.07567 364.223
4.0771 394.642
4.07853 363.789
4.07996 372.342
4.08139 354.858
4.08283 377.144
4.08426 390.866
4.08569 373.115
4.08712 364.552
4.08855 397.06
4.08998 367.846
4.09142 350.394
4.09285 380.916
4.09428 362.341
4.09571 343.859
4.09714 371.172
4.09857 364.112
4.10001 387.303
4.10144 386.99
4.10287 371.392
4.1043 356.725
4.10573 398.384
4.10716 364.592
4.1086 367.875
4.11003 399.618
4.11146 372.668
4.11289 396.855
4.11432 381.423
4.11575 361.641
4.11719 358.794
4.11862 394.698
4.12005 373.781
4.12148 366.334
4.12291 356.071
4.12434 360.55
4.12578 363.708
4.12721 367.26
4.12864 379.663
4.13007 369.16
4.1315 371.704
4.13293 374.892
4.13437 369.616
4.1358 411.652
4.13723 358.208
4.13866 333.743
4.14009 354.231
4.14152 382.214
4.14296 406.9
4.14439 398.03
4.14582 350.165
4.14725 351.368
4.14868 330.918
4.15011 345.607
4.15155 358.196
4.15298 380.342
4.15441 392.753
4.15584 353.902
4.15727 350.031
4.1587 347.351
4.16013 381.434
4.16157 368.614
4.163 356.669
4.16443 391.051
4.16586 390.789
4.16729 358.49
4.16872 336.056
4.17016 365.839
4.17159 366.402
4.17302 374.37
4.17445 354.246
4.17588 375.203
4.17731 389.01
4.17875 341.823
4.18018 397.211
4.18161 379.845
4.18304 339.674
4.18447 364.331
4.1859 381.678
4.18734 336.855
4.18877 350.668
4.1902 364.044
4.19163 375.407
4.19306 383.507
4.19449 332.861
4.19593 317.584
4.19736 324.871
4.19879 350.671
4.20022 352.822
4.20165 391.673
4.20308 404.966
4.20452 330.116
4.20595 309.045
4.20738 392.66
4.20881 345.669
4.21024 351.582
4.21167 369.956
4.21311 342.34
4.21454 362.362
4.21597 347.497
4.2174 349.896
4.21883 370.942
4.22026 387.79
4.2217 368.379
4.22313 359.775
4.22456 329.57
4.22599 377.068
4.22742 314.35
4.22885 350.199
4.23029 346.284
4.23172 313.892
4.23315 346.445
4.23458 347.474
4.23601 326.117
4.23744 351.346
4.23887 333.655
4.24031 320.772
4.24174 342.98
4.24317 344.494
4.2446 346.912
4.24603 328.392
4.24746 350.72
4.2489 344.267
4.25033 347.351
4.25176 339.412
4.25319 344.914
4.25462 369.401
4.25605 350.32
4.25749 325.118
4.25892 348.622
4.26035 344.768
4.26178 365.743
4.26321 339.084
4.26464 328.839
4.26608 365.08
4.26751 318.298
4.26894 356.635
4.27037 304.746
4.2718 329.622
4.27323 349.866
4.27467 345.949
4.2761 355.214
4.27753 387.527
4.27896 341.153
4.28039 354.671
4.28182 331.622
4.28326 343.043
4.28469 340.825
4.28612 366.608
4.28755 325.235
4.28898 335.448
4.29041 340.694
