1.42857 27.964
1.43 27.3035
1.43143 25.0799
1.43287 26.3241
1.4343 33.8158
1.43573 29.3683
1.43716 30.8348
1.43859 32.5446
1.44002 29.8366
1.44146 31.1625
1.44289 28.0335
1.44432 32.0027
1.44575 33.6071
1.44718 28.7776
1.44861 30.6563
1.45005 29.6051
1.45148 30.6587
1.45291 32.5403
1.45434 28.4715
1.45577 28.808
1.4572 36.1887
1.45864 38.2958
1.46007 31.7703
1.4615 36.0785
1.46293 37.2624
1.46436 34.9039
1.46579 28.8371
1.46723 35.8385
1.46866 37.3224
1.47009 37.4488
1.47152 34.5875
1.47295 33.7377
1.47438 38.9808
1.47582 37.0577
1.47725 33.2975
1.47868 43.6502
1.48011 40.4376
1.48154 32.3654
1.48297 36.9928
1.48441 34.6367
1.48584 38.231
1.48727 41.1921
1.4887 37.1771
1.49013 37.0012
1.49156 40.6167
1.493 36.4282
1.49443 45.1981
1.49586 38.4255
1.49729 41.2286
1.49872 36.3361
1.50015 43.3119
1.50158 46.2118
1.50302 42.0864
1.50445 42.5577
1.50588 39.3039
1.50731 47.5697
1.50874 47.1176
1.51017 53.5076
1.51161 44.0756
1.51304 40.6755
1.51447 48.0396
1.5159 50.6967
1.51733 44.8815
1.51876 44.1488
1.5202 48.4051
1.52163 40.6788
1.52306 50.3056
1.52449 48.0684
1.52592 49.0114
1.52735 43.2035
1.52879 48.7526
1.53022 49.9539
1.53165 56.403
1.53308 41.9785
1.53451 48.571
1.53594 49.9885
1.53738 46.6709
1.53881 51.4715
1.54024 56.1987
1.54167 50.0637
1.5431 51.1056
1.54453 56.422
1.54597 54.7681
1.5474 45.8659
1.54883 47.9845
1.55026 50.8342
1.55169 51.8866
1.55312 53.6479
1.55456 54.2044
1.55599 51.5046
1.55742 53.3815
1.55885 59.3811
1.56028 56.0364
1.56171 54.5234
1.56315 48.2107
1.56458 61.5891
1.56601 66.3446
1.56744 61.9631
1.56887 63.244
1.5703 54.7768
1.57174 56.7966
1.57317 62.9659
1.5746 66.9516
1.57603 62.4388
1.57746 64.1716
1.57889 59.5163
1.58032 59.572
1.58176 62.6374
1.58319 64.822
1.58462 67.108
1.58605 63.4908
1.58748 60.5987
1.58891 64.5435
1.59035 81.8576
1.59178 59.6118
1.59321 73.4397
1.59464 62.5959
1.59607 69.8048
1.5975 72.018
1.59894 78.3026
1.60037 63.1818
1.6018 72.9571
1.60323 87.0536
1.60466 72.2656
1.60609 60.8444
1.60753 74.5121
1.60896 73.4589
1.61039 67.9399
1.61182 71.6135
1.61325 66.7077
1.61468 77.0675
1.61612 84.6374
1.61755 73.3729
1.61898 70.8966
1.62041 70.3391
1.62184 81.3485
1.62327 93.9344
1.62471 78.323
1.62614 78.8834
1.62757 74.3106
1.629 88.9572
1.63043 88.1964
1.63186 88.6593
1.6333 84.9244
1.63473 79.9236
1.63616 86.2192
1.63759 80.1919
1.63902 92.2039
1.64045 76.4192
1.64189 86.9599
1.64332 89.3436
1.64475 84.3202
1.64618 86.0483
1.64761 80.7989
1.64904 97.7148
1.65048 97.0866
1.65191 91.4846
1.65334 99.7566
1.65477 87.7889
1.6562 97.3615
1.65763 104.189
1.65906 93.8407
1.6605 106.891
1.66193 98.7284
1.66336 89.7769
1.66479 92.8157
1.66622 95.119
1.66765 99.6943
1.66909 108.965
1.67052 126.524
1.67195 95.5511
1.67338 96.9915
1.67481 97.7412
1.67624 105.698
1.67768 115.17
1.67911 112.904
1.68054 101.192
1.68197 121.595
1.6834 106.788
1.68483 106.5
1.68627 113.918
1.6877 102.58
1.68913 111.542
1.69056 108.288
1.69199 116.979
1.69342 102.828
1.69486 112.648
1.69629 137.744
1.69772 118.126
1.69915 116.683
1.70058 115.009
1.70201 131.43
1.70345 114.852
1.70488 110.522
1.70631 125.671
1.70774 109.886
1.70917 115.217
1.7106 124.489
1.71204 130.062
1.71347 127.344
1.7149 118.209
1.71633 135.564
1.71776 120.812
1.71919 135.254
1.72063 137.603
1.72206 130.87
1.72349 130.175
1.72492 117.901
1.72635 124.485
1.72778 133.024
1.72922 160.436
1.73065 150.731
1.73208 130.889
1.73351 129.831
1.73494 155.952
1.73637 150.228
1.73781 159.43
1.73924 131.659
1.74067 143.178
1.7421 138.984
1.74353 138.061
1.74496 137.144
1.74639 157.443
1.74783 147.657
1.74926 156.939
1.75069 147.518
1.75212 143.963
1.75355 146.152
1.75498 148.624
1.75642 181.608
1.75785 147.428
1.75928 160.93
1.76071 138.562
1.76214 195.356
1.76357 182.167
1.76501 160.017
1.76644 170.947
1.76787 161.991
1.7693 160.788
1.77073 167.258
1.77216 173.613
1.7736 204.746
1.77503 167.273
1.77646 188.509
1.77789 185.284
1.77932 206.148
1.78075 192.209
1.78219 175.507
1.78362 181.084
1.78505 183.258
1.78648 219.763
1.78791 221.952
1.78934 188.009
1.79078 166.635
1.79221 192.966
1.79364 180.361
1.79507 233.54
1.7965 209.809
1.79793 177.051
1.79937 211.123
1.8008 226.744
1.80223 197.768
1.80366 188.512
1.80509 225.195
1.80652 230.815
1.80796 193.405
1.80939 352.128
1.81082 223.727
1.81225 190.487
1.81368 258.384
1.81511 216.048
1.81655 227.517
1.81798 253.563
1.81941 248.424
1.82084 239.21
1.82227 210.213
1.8237 269.972
1.82513 252.099
1.82657 236.702
1.828 252.31
1.82943 290.931
1.83086 213.376
1.83229 235.033
1.83372 216.412
1.83516 291.519
1.83659 236.873
1.83802 249.521
1.83945 234.412
1.84088 254.127
1.84231 269.087
1.84375 274.931
1.84518 268.718
1.84661 259.82
1.84804 279.511
1.84947 346.916
1.8509 296.735
1.85234 271.397
1.85377 309.526
1.8552 276.006
1.85663 267.144
1.85806 282.652
1.85949 268.931
1.86093 268.467
1.86236 357.903
1.86379 293.215
1.86522 305.993
1.86665 318.195
1.86808 334.28
1.86952 316.135
1.87095 326.228
1.87238 298.828
1.87381 344.719
1.87524 299.139
1.87667 339.377
1.87811 393.934
1.87954 324.331
1.88097 347.627
1.8824 376.436
1.88383 297.425
1.88526 277.191
1.8867 346.8
1.88813 336.14
1.88956 352.668
1.89099 384.032
1.89242 372.963
1.89385 358.873
1.89529 321.562
1.89672 363.255
1.89815 402.614
1.89958 366.947
1.90101 400.99
1.90244 466.077
1.90387 350.908
1.90531 449.568
1.90674 353.536
1.90817 464.403
1.9096 394.669
1.91103 353.792
1.91246 421.344
1.9139 405.735
1.91533 382.83
1.91676 397.743
1.91819 435.817
1.91962 423.939
1.92105 430.126
1.92249 509.916
1.92392 390.275
1.92535 501.892
1.92678 472.493
1.92821 396.442
1.92964 455.127
1.93108 537.023
1.93251 460.254
1.93394 505.838
1.93537 444.78
1.9368 512.784
1.93823 512.548
1.93967 531.917
1.9411 467.048
1.94253 594.375
1.94396 467.93
1.94539 591.727
1.94682 534.684
1.94826 554.174
1.94969 573.922
1.95112 558.626
1.95255 615.098
1.95398 486.812
1.95541 476.067
1.95685 491.623
1.95828 551.49
1.95971 641.351
1.96114 576.756
1.96257 540.855
1.964 665.253
1.96544 593.268
1.96687 581.718
1.9683 491.715
1.96973 681.958
1.97116 740.11
1.97259 691.458
1.97403 663.267
1.97546 726.823
1.97689 580.238
1.97832 685.814
1.97975 577.283
1.98118 770.617
1.98261 599.567
1.98405 609.726
1.98548 600.799
1.98691 552.69
1.98834 703.59
1.98977 748.18
1.9912 848.882
1.99264 790.107
1.99407 625.818
1.9955 574.108
1.99693 672.431
1.99836 1049.01
1.99979 832.127
2.00123 762.018
2.00266 706.277
2.00409 700.765
2.00552 699.162
2.00695 832.938
2.00838 834.625
2.00982 861.15
2.01125 828.885
2.01268 1067.47
2.01411 887.72
2.01554 831.347
2.01697 884.838
2.01841 998.41
2.01984 836.237
2.02127 866.999
2.0227 956.007
2.02413 936.134
2.02556 1122.35
2.027 1041.09
2.02843 1117.45
2.02986 1095.34
2.03129 919.398
2.03272 1202.56
2.03415 1180.17
2.03559 923.825
2.03702 1024.74
2.03845 1199.43
2.03988 1034.43
2.04131 1108
2.04274 939.757
2.04418 1162.75
2.04561 1117.41
2.04704 1197.8
2.04847 1071.4
2.0499 1167.91
2.05133 1329.84
2.05277 1025.8
2.0542 1418.95
2.05563 1137.79
2.05706 1234.99
2.05849 1336.06
2.05992 1024.42
2.06135 1336.19
2.06279 1101.66
2.06422 1446.46
2.06565 1964.24
2.06708 2016.46
2.06851 1532.18
2.06994 1305.15
2.07138 1411.1
2.07281 1332.57
2.07424 1478.76
2.07567 1555.25
2.0771 1820.3
2.07853 1505.59
2.07997 1770.6
2.0814 2360.63
2.08283 1797.61
2.08426 1545.09
2.08569 1438.78
2.08712 1399.21
2.08856 1929.07
2.08999 1538.81
2.09142 1536.63
2.09285 2878.31
2.09428 1431.65
2.09571 1630.42
2.09715 1863.46
2.09858 3272.5
2.10001 2313.63
2.10144 2121.42
2.10287 1920.31
2.1043 2054.77
2.10574 3031.52
2.10717 1842.33
2.1086 1875.24
2.11003 2212.11
2.11146 2266.11
2.11289 2698.64
2.11433 1896.58
2.11576 1986.61
2.11719 2001.75
2.11862 2014.89
2.12005 2489.89
2.12148 2841.11
2.12292 1962.99
2.12435 3255.91
2.12578 2929.86
2.12721 2245.71
2.12864 2958.47
2.13007 2914.21
2.13151 2331.24
2.13294 3485.35
2.13437 2831.97
2.1358 2901.22
2.13723 3264.61
2.13866 3376.61
2.1401 4477.59
2.14153 4914.29
2.14296 3862.64
2.14439 2284.52
2.14582 3776.24
2.14725 3256.11
2.14868 4814.73
2.15012 5418.98
2.15155 9126.22
2.15298 2369.2
2.15441 5225.7
2.15584 5037.72
2.15727 5576.2
2.15871 3780.26
2.16014 3954.12
2.16157 5379.27
2.163 6658.12
2.16443 5661.86
2.16586 4401.25
2.1673 4533.56
2.16873 4322.2
2.17016 4486.31
2.17159 5250.78
2.17302 4398.53
2.17445 5720.68
2.17589 7999.14
2.17732 8458.6
2.17875 7811.36
2.18018 6857.13
2.18161 15471.2
2.18304 6978.92
2.18448 10308.6
2.18591 6171.47
2.18734 9731.28
2.18877 6549.9
2.1902 8584.1
2.19163 7838.27
2.19307 9474.56
2.1945 6003.16
2.19593 7286.76
2.19736 12162.1
2.19879 11410.3
2.20022 8592.42
2.20166 6929.77
2.20309 15370
2.20452 7870.41
2.20595 11586.7
2.20738 14894.9
2.20881 12462.5
2.21025 14797.3
2.21168 12781.3
2.21311 11332.6
2.21454 18158.7
2.21597 11285.8
2.2174 17913.1
2.21884 13696.3
2.22027 14085.6
2.2217 13546.6
2.22313 13606.1
2.22456 16025.5
2.22599 12856.8
2.22742 20857.8
2.22886 14477.9
2.23029 14270.4
2.23172 25354.4
2.23315 19834.1
2.23458 19019.6
2.23601 24708.6
2.23745 19910.5
2.23888 19547.3
2.24031 15612.9
2.24174 22006.1
2.24317 22796.2
2.2446 25731.6
2.24604 26853.2
2.24747 26372.4
2.2489 22764.9
2.25033 19057.1
2.25176 19671.3
2.25319 24698.4
2.25463 28236.4
2.25606 31105.7
2.25749 29361.4
2.25892 32100.7
2.26035 27955.1
2.26178 32276.7
2.26322 31452.6
2.26465 32339.6
2.26608 22485.4
2.26751 28371.8
2.26894 32696.9
2.27037 31163
2.27181 35250.8
2.27324 39044.7
2.27467 32309
2.2761 38344.2
2.27753 32764.2
2.27896 34705.2
2.2804 37799.6
2.28183 35084.7
2.28326 45675.8
2.28469 37156.8
2.28612 41693.3
2.28755 45888.3
2.28899 40577.4
2.29042 48819.3
2.29185 38921.5
2.29328 44052.3
2.29471 41155.4
2.29614 41014.9
2.29758 34076.7
2.29901 45923.9
2.30044 44763.7
2.30187 47380.9
2.3033 47262.9
2.30473 42286.1
2.30616 46664.3
2.3076 44410.9
2.30903 44605.2
2.31046 48336.4
2.31189 44798
2.31332 45597.8
2.31475 46267.6
2.31619 42707.1
2.31762 45617.4
2.31905 49728.2
2.32048 50384.1
2.32191 51021.7
2.32334 50759.3
2.32478 48849
2.32621 48161.9
2.32764 50797.7
2.32907 51137.2
2.3305 49928.4
2.33193 47641.3
2.33337 45073.5
2.3348 48344.1
2.33623 50063.6
2.33766 46276.4
2.33909 48831.6
2.34052 49839.1
2.34196 46323.6
2.34339 52258.6
2.34482 52594.7
2.34625 48198.7
2.34768 47027.4
2.34911 51363.9
2.35055 52407.4
2.35198 48099.7
2.35341 47052.1
2.35484 48869.9
2.35627 50651.8
2.3577 48745.6
2.35914 46271.9
2.36057 46812.2
2.362 40166.9
2.36343 47797.3
2.36486 46537
2.36629 47056.8
2.36773 45120.5
2.36916 42836.8
2.37059 46137.6
2.37202 45007.2
2.37345 44240.6
2.37488 41032.1
2.37632 44301.3
2.37775 43093.9
2.37918 43456.4
2.38061 39554.7
2.38204 41664
2.38347 43416.8
2.3849 41882.1
2.38634 45120.5
2.38777 40834.4
2.3892 39969.6
2.39063 39412.4
2.39206 40433.2
2.39349 36995.1
2.39493 37992.3
2.39636 40989
2.39779 39564.3
2.39922 37515.2
2.40065 36060
2.40208 39095.8
2.40352 37228.7
2.40495 39757.4
2.40638 37089
2.40781 37151.6
2.40924 40119.7
2.41067 38462.5
2.41211 34611.5
2.41354 42127.4
2.41497 35375.7
2.4164 36986.6
2.41783 35005.4
2.41926 35522.7
2.4207 33487.3
2.42213 35307.7
2.42356 32438.3
2.42499 34510.5
2.42642 30026.1
2.42785 32506.4
2.42929 33658.7
2.43072 34743
2.43215 34407.3
2.43358 32678.2
2.43501 31069.3
2.43644 30143.8
2.43788 31526.6
2.43931 29335.2
2.44074 31795.5
2.44217 30361.1
2.4436 30734
2.44503 30034.7
2.44647 29531.9
2.4479 27679
2.44933 29802.5
2.45076 28951.3
2.45219 28327.4
2.45362 26576.6
2.45506 27509.2
2.45649 30502.2
2.45792 27562.7
2.45935 26880.4
2.46078 24470.1
2.46221 28632.2
2.46365 27316.1
2.46508 27425.3
2.46651 25304
2.46794 23032.6
2.46937 29131.5
2.4708 21593.7
2.47223 25780.4
2.47367 24906
2.4751 23872.8
2.47653 22223.1
2.47796 23833.9
2.47939 23175.7
2.48082 24167
2.48226 22242.5
2.48369 24969.7
2.48512 20710.2
2.48655 21571.7
2.48798 22635.4
2.48941 21458.6
2.49085 21982
2.49228 19721.5
2.49371 26122.2
2.49514 21728.1
2.49657 21777.7
2.498 23217.8
2.49944 21897.2
2.50087 20980.6
2.5023 20604.9
2.50373 21281.6
2.50516 20017
2.50659 19086
2.50803 21752.2
2.50946 19102.3
2.51089 18768.4
2.51232 18660.1
2.51375 19711.4
2.51518 20043
2.51662 19642.4
2.51805 18003.8
2.51948 20647.2
2.52091 21560.1
2.52234 17288.3
2.52377 17746.4
2.52521 17862.4
2.52664 19008.2
2.52807 17402.4
2.5295 17597.1
2.53093 17032.6
2.53236 18571.6
2.5338 16601.8
2.53523 17604.7
2.53666 15394.1
2.53809 16708.6
2.53952 15554.5
2.54095 17294.4
2.54239 18105.2
2.54382 16840.1
2.54525 15102.8
2.54668 16510.1
2.54811 17029.5
2.54954 15311.7
2.55097 16451.2
2.55241 15548.5
2.55384 14530.1
2.55527 16928.8
2.5567 14679.2
2.55813 14710.5
2.55956 16750.5
2.561 15168.7
2.56243 15348.6
2.56386 17195.2
2.56529 15568.8
2.56672 14858.6
2.56815 14869.1
2.56959 15155.2
2.57102 15787.1
2.57245 14509.1
2.57388 14927.1
2.57531 14887.6
2.57674 13767.7
2.57818 12892
2.57961 14069.1
2.58104 15823.1
2.58247 13756.2
2.5839 13819.7
2.58533 13608.4
2.58677 13854.3
2.5882 12174.2
2.58963 14643.3
2.59106 12418.7
2.59249 13099.3
2.59392 12986.4
2.59536 11655.6
2.59679 12382.5
2.59822 12337
2.59965 12821.1
2.60108 12126
2.60251 12962.9
2.60395 11928.2
2.60538 12200.6
2.60681 12155.4
2.60824 11637.3
2.60967 10903.7
2.6111 11484.6
2.61254 12265.6
2.61397 12058.9
2.6154 11283.4
2.61683 12534
2.61826 11742.6
2.61969 11281.7
2.62113 12857.4
2.62256 11031.7
2.62399 10904.7
2.62542 11723.1
2.62685 12041.3
2.62828 10461.1
2.62971 11025.3
2.63115 11456.9
2.63258 12030.7
2.63401 11023.7
2.63544 10567.7
2.63687 8710.38
2.6383 10260.3
2.63974 10671.2
2.64117 10778.1
2.6426 10651.2
2.64403 10670.2
2.64546 11650.5
2.64689 11575.4
2.64833 10066.3
2.64976 10222.2
2.65119 11196.2
2.65262 11487.7
2.65405 9283.06
2.65548 9842.69
2.65692 10121.6
2.65835 9581.88
2.65978 10476.7
2.66121 10143
2.66264 9635.97
2.66407 10031.2
2.66551 10339.5
2.66694 9706.6
2.66837 10491.9
2.6698 8881.3
2.67123 10445.9
2.67266 9857.45
2.6741 9710.14
2.67553 9069.26
2.67696 10102.4
2.67839 9273.47
2.67982 9195.04
2.68125 9425.96
2.68269 8472.04
2.68412 9122.79
2.68555 10779.4
2.68698 9243.47
2.68841 9181.2
2.68984 8158.03
2.69128 9445.79
2.69271 9271.05
2.69414 8834.19
2.69557 10045.3
2.697 9261.31
2.69843 9116.31
2.69987 10047.6
2.7013 8378.01
2.70273 9841.06
2.70416 8580.41
2.70559 8879.69
2.70702 7805.93
2.70845 8352.96
2.70989 8775.68
2.71132 8305.99
2.71275 8410.82
2.71418 9421.95
2.71561 8015.46
2.71704 7903.73
2.71848 8229.36
2.71991 8317.97
2.72134 8511.28
2.72277 7576.72
2.7242 7200.67
2.72563 7452.4
2.72707 7678.47
2.7285 8195.81
2.72993 7898.63
2.73136 8131.42
2.73279 7593.59
2.73422 8153.91
2.73566 7910.52
2.73709 7920.76
2.73852 8194.27
2.73995 7601.28
2.74138 7753.12
2.74281 7831.06
2.74425 7520.35
2.74568 7420.43
2.74711 7197.76
2.74854 6682.37
2.74997 7786.58
2.7514 7164.23
2.75284 7118.03
2.75427 7458.09
2.7557 7109.2
2.75713 7117.85
2.75856 7326.42
2.75999 6775.94
2.76143 7487.65
2.76286 7122.54
2.76429 7108.28
2.76572 6537.32
2.76715 6985.94
2.76858 7224.34
2.77002 7759.54
2.77145 6850.85
2.77288 7809.38
2.77431 6843.58
2.77574 6342.33
2.77717 6414.03
2.77861 7122.11
2.78004 6444.32
2.78147 6876.68
2.7829 6264.26
2.78433 7232.72
2.78576 6938.03
2.78719 6620.62
2.78863 7008.04
2.79006 6046.43
2.79149 6429.99
2.79292 6700.98
2.79435 6502.77
2.79578 6811.42
2.79722 6961.34
2.79865 6779.42
2.80008 7075.16
2.80151 6670.85
2.80294 6585.01
2.80437 6620.46
2.80581 6595.33
2.80724 5892.15
2.80867 6271.75
2.8101 6547.69
2.81153 6606.7
2.81296 6653.3
2.8144 6271.19
2.81583 7087.95
2.81726 6458.94
2.81869 6277.92
2.82012 5997.34
2.82155 6278.7
2.82299 6042.77
2.82442 6333.58
2.82585 6045
2.82728 6451.39
2.82871 6210.29
2.83014 6648.16
2.83158 5678.27
2.83301 5450.28
2.83444 6431.66
2.83587 5921.79
2.8373 6132.18
2.83873 6262.86
2.84017 6000.39
2.8416 6192.42
2.84303 5827.98
2.84446 6239.05
2.84589 5610.25
2.84732 6131.41
2.84876 6364.71
2.85019 6198.54
2.85162 5766.85
2.85305 5603.1
2.85448 5665.21
2.85591 5417.54
2.85735 6789.1
2.85878 5424.08
2.86021 5494.99
2.86164 5654.15
2.86307 5550.02
2.8645 5236.68
2.86594 5353.18
2.86737 5709
2.8688 5970.78
2.87023 5361.02
2.87166 5576.94
2.87309 5654.6
2.87452 6192.81
2.87596 6069.68
2.87739 5013.3
2.87882 5626.74
2.88025 5844.85
2.88168 5796.97
2.88311 5610.28
2.88455 5066.68
2.88598 5167.4
2.88741 4747.83
2.88884 5403.13
2.89027 5271.32
2.8917 4768.01
2.89314 5617.73
2.89457 5332.72
2.896 4830.3
2.89743 5104.33
2.89886 5257.46
2.90029 5337.86
2.90173 4735.55
2.90316 5040.71
2.90459 5647.14
2.90602 5628.69
2.90745 5003.85
2.90888 4813.94
2.91032 5193.51
2.91175 5092.61
2.91318 4811.51
2.91461 4495.85
2.91604 5268.31
2.91747 4957.71
2.91891 5253.82
2.92034 4750.23
2.92177 5085.79
2.9232 5286.87
2.92463 5187.91
2.92606 4984
2.9275 4895.16
2.92893 4763.17
2.93036 4926.55
2.93179 4718.55
2.93322 5222.82
2.93465 4556.97
2.93609 4900.68
2.93752 4687.64
2.93895 5036.28
2.94038 5248.87
2.94181 4473.71
2.94324 4607.78
2.94468 4662.33
2.94611 4722.46
2.94754 4190.27
2.94897 4549.32
2.9504 4295.48
2.95183 5058.31
2.95326 4575.14
2.9547 4890.78
2.95613 4399.2
2.95756 4536.35
2.95899 5209.47
2.96042 4945.49
2.96185 4349.13
2.96329 4570.04
2.96472 4914.93
2.96615 4540.16
2.96758 4315.29
2.96901 4911.77
2.97044 4821.29
2.97188 4323.91
2.97331 4236.29
2.97474 4283.99
2.97617 4516.26
2.9776 4495.97
2.97903 4395.08
2.98047 4472.34
2.9819 4331.69
2.98333 4389.94
2.98476 4503.31
2.98619 4713.33
2.98762 4203.27
2.98906 4700.67
2.99049 3953.16
2.99192 4268.13
2.99335 4187.99
2.99478 4511.47
2.99621 4175.36
2.99765 4389.44
2.99908 4585.03
3.00051 4161.58
3.00194 4185.17
3.00337 4334.57
3.0048 3999.08
3.00624 4092.38
3.00767 4673.47
3.0091 4680.28
3.01053 3919.78
3.01196 4056.88
3.01339 4499.79
3.01483 4315.85
3.01626 4126.33
3.01769 4526.41
3.01912 3882.82
3.02055 4370.3
3.02198 3990.26
3.02342 4124.81
3.02485 3734.6
3.02628 4002.09
3.02771 4370.6
3.02914 4191.58
3.03057 3968.43
3.032 4143.17
3.03344 4262.69
3.03487 3809.16
3.0363 4024.82
3.03773 4101.32
3.03916 4309.84
3.04059 3915.95
3.04203 3604.64
3.04346 4016.74
3.04489 4018.76
3.04632 3613.16
3.04775 4060.93
3.04918 4026.71
3.05062 4060.99
3.05205 3738.42
3.05348 3763.4
3.05491 3550.11
3.05634 4122.31
3.05777 4131.57
3.05921 4019.59
3.06064 3685.97
3.06207 3701.31
3.0635 3801.34
3.06493 3795.05
3.06636 3574.06
3.0678 3511.79
3.06923 3711.29
3.07066 3676.9
3.07209 3783.58
3.07352 3480.6
3.07495 3687.03
3.07639 4133.13
3.07782 3915.69
3.07925 3433.19
3.08068 3465.95
3.08211 3481.03
3.08354 3395.2
3.08498 3895.54
3.08641 3421.29
3.08784 3472.24
3.08927 3629.5
3.0907 3836.26
3.09213 3840.3
3.09357 3517.07
3.095 3691.19
3.09643 3719.39
3.09786 3716.51
3.09929 3794.93
3.10072 3357.83
3.10216 3696.88
3.10359 3473.98
3.10502 3544.38
3.10645 3629.54
3.10788 3643.1
3.10931 3966.08
3.11074 3701.83
3.11218 3675.66
3.11361 3825.28
3.11504 3389.57
3.11647 3607.1
3.1179 3394.76
3.11933 3774.06
3.12077 3551.19
3.1222 3559.83
3.12363 3288.32
3.12506 3621.12
3.12649 3439.9
3.12792 3855.39
3.12936 3567.42
3.13079 3260.63
3.13222 3494.34
3.13365 3399.61
3.13508 3368.1
3.13651 3291.97
3.13795 3230.64
3.13938 3461.77
3.14081 3647.38
3.14224 3621.89
3.14367 3582.97
3.1451 3357.79
3.14654 3437.82
3.14797 3526.53
3.1494 3639.01
3.15083 3301.55
3.15226 3485.79
3.15369 3167.89
3.15513 3452.6
3.15656 3192.23
3.15799 3163.15
3.15942 3140.21
3.16085 3766.25
3.16228 3252.43
3.16372 3091.23
3.16515 2915.6
3.16658 3315.5
3.16801 2951.29
3.16944 3399.1
3.17087 3644.19
3.17231 3562.6
3.17374 3083.17
3.17517 3561.36
3.1766 3522.81
3.17803 3189.22
3.17946 3536.04
3.1809 3219.51
3.18233 3225.94
3.18376 3391.73
3.18519 3192.99
3.18662 3269.92
3.18805 2949.48
3.18948 3320.7
3.19092 3135.58
3.19235 3249.64
3.19378 3196.59
3.19521 3274.11
3.19664 3007.58
3.19807 3156.91
3.19951 2966.15
3.20094 3127.82
3.20237 3160.3
3.2038 3184.53
3.20523 3209.96
3.20666 3174.4
3.2081 3465.06
3.20953 3182.27
3.21096 3189.44
3.21239 2991.62
3.21382 2952.69
3.21525 3149.37
3.21669 3220.04
3.21812 2921.35
3.21955 3108.71
3.22098 3078.56
3.22241 3149.78
3.22384 3038.83
3.22528 3261.76
3.22671 3089.16
3.22814 3406.2
3.22957 3171.28
3.231 2959.04
3.23243 2954.18
3.23387 3013.25
3.2353 2752.94
3.23673 3075.06
3.23816 3105.86
3.23959 3132.75
3.24102 3066.53
3.24246 2989.37
3.24389 3176.26
3.24532 2824.78
3.24675 2672.53
3.24818 2898.57
3.24961 2951.56
3.25105 3080
3.25248 3030
3.25391 2771.65
3.25534 3063.3
3.25677 2921.13
3.2582 2827.68
3.25964 3171.26
3.26107 3046.13
3.2625 2875.48
3.26393 2830.67
3.26536 2773.1
3.26679 2697.94
3.26823 2878.09
3.26966 2997.59
3.27109 2889.83
3.27252 2681.74
3.27395 2804.4
3.27538 3139.31
3.27681 2891.61
3.27825 2844.72
3.27968 3036.96
3.28111 2938.72
3.28254 2822.15
3.28397 2909.73
3.2854 2768.94
3.28684 2844.44
3.28827 2912.25
3.2897 2771.52
3.29113 2684.38
3.29256 2919.9
3.29399 2609.73
3.29543 2654.33
3.29686 2672.24
3.29829 2965.6
3.29972 2611.14
3.30115 2675.01
3.30258 2647.1
3.30402 2730.72
3.30545 2983.19
3.30688 2763.52
3.30831 2668.23
3.30974 2804.18
3.31117 2605.72
3.31261 2496.76
3.31404 2701.55
3.31547 2844.93
3.3169 2555.99
3.31833 3064.7
3.31976 2637.37
3.3212 2503.35
3.32263 2805.84
3.32406 2723.46
3.32549 3030.68
3.32692 2594.1
3.32835 2761.7
3.32979 2548.1
3.33122 3052.66
3.33265 2571.66
3.33408 2609.81
3.33551 2578.97
3.33694 2645.27
3.33838 2352.46
3.33981 2653.29
3.34124 2603.97
3.34267 2553.8
3.3441 2627.14
3.34553 2504.91
3.34697 2804.69
3.3484 2372.52
3.34983 2697.89
3.35126 2569.44
3.35269 2575.37
3.35412 2721.52
3.35555 2652.79
3.35699 2812.32
3.35842 2522.53
3.35985 2536.28
3.36128 2621.54
3.36271 2500.39
3.36414 2573.5
3.36558 2902.89
3.36701 2603.2
3.36844 2359.17
3.36987 2722.24
3.3713 2402.2
3.37273 2443.33
3.37417 2552.72
3.3756 2564.03
3.37703 2449.39
3.37846 2529.06
3.37989 2394.39
3.38132 2275.33
3.38276 2599.09
3.38419 2389.71
3.38562 2649.34
3.38705 2343.77
3.38848 2728.31
3.38991 2280.08
3.39135 2285.2
3.39278 2403.93
3.39421 2946.41
3.39564 2599.26
3.39707 2567.27
3.3985 2638.78
3.39994 2424.89
3.40137 2389.02
3.4028 2561.43
3.40423 2610.85
3.40566 2792.03
3.40709 2278.26
3.40853 2258.25
3.40996 2316.72
3.41139 2340.5
3.41282 2193.17
3.41425 2539.79
3.41568 2429.48
3.41712 2385.77
3.41855 2648.37
3.41998 2152.97
3.42141 2522.7
3.42284 2349.4
3.42427 2350.24
3.42571 2490.59
3.42714 2195.51
3.42857 2314.07
3.43 2490.02
3.43143 2276.03
3.43286 2628.47
3.43429 2487.14
3.43573 2263.01
3.43716 2298.35
3.43859 2376.73
3.44002 2118.66
3.44145 2365.82
3.44288 2518.5
3.44432 2529.64
3.44575 2325.91
3.44718 2468.76
3.44861 2180.58
3.45004 2463.78
3.45147 2415.03
3.45291 2442.08
3.45434 2285.98
3.45577 2116.01
3.4572 2341.64
3.45863 2245.06
3.46006 2498.61
3.4615 2173.95
3.46293 2404.49
3.46436 2171.04
3.46579 2226.47
3.46722 2128.92
3.46865 2431.32
3.47009 2375.96
3.47152 2374.93
3.47295 2259.33
3.47438 2335.77
3.47581 2331.72
3.47724 2332.56
3.47868 2354.76
3.48011 2326.08
3.48154 2416.54
3.48297 2263.34
3.4844 2297.38
3.48583 2416.53
3.48727 2273.02
3.4887 2305.82
3.49013 2317.41
3.49156 2133.82
3.49299 2196.58
3.49442 2296.23
3.49586 2148.85
3.49729 2241.47
3.49872 2223.2
3.50015 2410.21
3.50158 2469.64
3.50301 2157.04
3.50445 2340.33
3.50588 2205.51
3.50731 2222.57
3.50874 2271.15
3.51017 2266.93
3.5116 2059.24
3.51303 2277.29
3.51447 2113.75
3.5159 2180.33
3.51733 2213.61
3.51876 2447.67
3.52019 2162.62
3.52162 2230.1
3.52306 2198
3.52449 2354.89
3.52592 2191.95
3.52735 2236.97
3.52878 2251.11
3.53021 2284.6
3.53165 2227.48
3.53308 2131.21
3.53451 2140.05
3.53594 2175.46
3.53737 2103.8
3.5388 2077.9
3.54024 2233.14
3.54167 2217.86
3.5431 2522
3.54453 2196.18
3.54596 2133.26
3.54739 2285.87
3.54883 2069.37
3.55026 2432.74
3.55169 2383.4
3.55312 2173.29
3.55455 2246.89
3.55598 2148.8
3.55742 2159.29
3.55885 2217.15
3.56028 2196.23
3.56171 2179.15
3.56314 2101.12
3.56457 2030.13
3.56601 1955.81
3.56744 2396.86
3.56887 2211.49
3.5703 1991.53
3.57173 2110.32
3.57316 2097.81
3.5746 2060.33
3.57603 2276.4
3.57746 2124.07
3.57889 2154.72
3.58032 2002.89
3.58175 2219.81
3.58319 2035.05
3.58462 2173.68
3.58605 2203.99
3.58748 1974.57
3.58891 2024.58
3.59034 2121.53
3.59177 2221.36
3.59321 2171.77
3.59464 1884.58
3.59607 2085.74
3.5975 2032.41
3.59893 2019.84
3.60036 2244.9
3.6018 2116.59
3.60323 2130.2
3.60466 2185.82
3.60609 2110.92
3.60752 1961.9
3.60895 2186.36
3.61039 2403.36
3.61182 2053.34
3.61325 2096.75
3.61468 2084.79
3.61611 2045.15
3.61754 2008.7
3.61898 2121.71
3.62041 1936.81
3.62184 2161.15
3.62327 2057.99
3.6247 1983.94
3.62613 1848.65
3.62757 2088.23
3.629 1889.02
3.63043 1700.58
3.63186 1975.81
3.63329 2004.47
3.63472 2044.03
3.63616 1993.1
3.63759 2010.57
3.63902 1986.24
3.64045 2065.85
3.64188 1862.87
3.64331 2057.64
3.64475 2155.63
3.64618 1800.57
3.64761 2027.68
3.64904 2133.78
3.65047 1861.19
3.6519 2080.15
3.65334 1946.36
3.65477 2058.29
3.6562 1914.31
3.65763 2082.51
3.65906 1995.71
3.66049 1978.55
3.66193 1956.36
3.66336 1974.66
3.66479 2084.9
3.66622 1880.06
3.66765 1827.78
3.66908 1991.84
3.67052 1871.72
3.67195 2091.93
3.67338 2020.19
3.67481 1894.58
3.67624 1955.78
3.67767 2065.37
3.6791 1839.69
3.68054 1950.18
3.68197 2035.23
3.6834 1859.55
3.68483 1889.57
3.68626 1955.14
3.68769 2039.48
3.68913 1962.07
3.69056 1889.76
3.69199 1712.86
3.69342 1861.34
3.69485 1930.15
3.69628 1930.34
3.69772 2046.98
3.69915 2068.99
3.70058 1903.1
3.70201 1771.32
3.70344 1899.06
3.70487 1931.2
3.70631 2012.34
3.70774 1951.82
3.70917 1907.17
3.7106 1991.4
3.71203 2036.28
3.71346 2096.15
3.7149 1913
3.71633 1788.88
3.71776 1783.35
3.71919 1983.03
3.72062 2183.15
3.72205 1963.9
3.72349 2014.92
3.72492 1961.38
3.72635 1664.86
3.72778 1857.66
3.72921 1868.16
3.73064 2102.16
3.73208 1712.12
3.73351 1822.07
3.73494 1838.65
3.73637 1921.67
3.7378 1963.04
3.73923 1743.23
3.74067 1823.62
3.7421 1781.52
3.74353 1837.76
3.74496 1833.3
3.74639 1877.73
3.74782 1840.19
3.74926 1958.3
3.75069 1784.65
3.75212 1787.4
3.75355 1802.85
3.75498 1827.49
3.75641 1845.81
3.75784 1709.69
3.75928 1845.07
3.76071 1954.07
3.76214 1857.2
3.76357 1904.59
3.765 1682.46
3.76643 1691.18
3.76787 1896.5
3.7693 1823.88
3.77073 1961.84
3.77216 1829.23
3.77359 1673.93
3.77502 1709.42
3.77646 1990.83
3.77789 1759.06
3.77932 1944.38
3.78075 1833.91
3.78218 1599.62
3.78361 1747.54
3.78505 1715.06
3.78648 1977.03
3.78791 1748.15
3.78934 1853.08
3.79077 1927.73
3.7922 1656.48
3.79364 1677.99
3.79507 1746.32
3.7965 1754.23
3.79793 1995.31
3.79936 1726.85
3.80079 1762.77
3.80223 1788.34
3.80366 1872.03
3.80509 1751.76
3.80652 1752.49
3.80795 1771.99
3.80938 1941.26
3.81082 1699.33
3.81225 1737
3.81368 1773.55
3.81511 1747.84
3.81654 1630.03
3.81797 1801.07
3.81941 1877.8
3.82084 1745.83
3.82227 1769.54
3.8237 1775.5
3.82513 1727.04
3.82656 1868.89
3.828 1859.21
3.82943 1859.66
3.83086 1716.25
3.83229 1809.4
3.83372 1823.09
3.83515 1699.62
3.83658 1808.13
3.83802 1795.08
3.83945 1753.43
3.84088 1643.79
3.84231 1810.66
3.84374 1735.96
3.84517 1680.96
3.84661 1641.69
3.84804 1825.51
3.84947 1747.06
3.8509 1701.33
3.85233 1770.47
3.85376 1822.28
3.8552 1916.21
3.85663 1665.51
3.85806 1624.54
3.85949 1704.67
3.86092 1571.13
3.86235 1928.98
3.86379 1808.01
3.86522 1696.98
3.86665 1642.67
3.86808 1984.86
3.86951 1646.31
3.87094 1688.71
3.87238 1635.53
3.87381 1578.15
3.87524 1622.24
3.87667 1847.62
3.8781 1638.94
3.87953 1678.86
3.88097 1578.72
3.8824 1674.92
3.88383 1633.39
3.88526 1661.48
3.88669 1674.52
3.88812 1694.2
3.88956 1565.98
3.89099 1842.19
3.89242 1536.23
3.89385 1801.6
3.89528 1664.4
3.89671 1647.62
3.89815 1789.24
3.89958 1788.29
3.90101 1576.03
3.90244 1734.12
3.90387 1790.97
3.9053 1770.43
3.90674 1529.31
3.90817 1678.9
3.9096 1557.6
3.91103 1768.18
3.91246 1707.55
3.91389 1740.73
3.91532 1646.35
3.91676 1526.32
3.91819 1574.28
3.91962 1693.39
3.92105 1577.14
3.92248 1793.58
3.92391 1640.82
3.92535 1643.83
3.92678 1661.54
3.92821 1687.98
3.92964 1620.34
3.93107 1674.45
3.9325 1646.46
3.93394 1656.5
3.93537 1598.09
3.9368 1710.02
3.93823 1702.66
3.93966 1646.31
3.94109 1702.05
3.94253 1566.58
3.94396 1615.24
3.94539 1687.69
3.94682 1665.08
3.94825 1533.48
3.94968 1525.98
3.95112 1630.81
3.95255 1557.61
3.95398 1679.05
3.95541 1491.48
3.95684 1647
3.95827 1715.81
3.95971 1772.79
3.96114 1647.31
3.96257 1861.95
3.964 1547.27
3.96543 1690.56
3.96686 1589.14
3.9683 1616.77
3.96973 1731.12
3.97116 1647.62
3.97259 1809.98
3.97402 1528.31
3.97545 1628.65
3.97689 1500.83
3.97832 1664.87
3.97975 1621.76
3.98118 1581.3
3.98261 1519.63
3.98404 1619.92
3.98548 1533.2
3.98691 1670.09
3.98834 1633.63
3.98977 1542.76
3.9912 1535.71
3.99263 1583.12
3.99406 1599.36
3.9955 1495.71
3.99693 1438.03
3.99836 1442.9
3.99979 1705.59
4.00122 1534.31
4.00265 1680.17
4.00409 1580.44
4.00552 1541.15
4.00695 1505.82
4.00838 1529.28
4.00981 1588
4.01124 1621.1
4.01268 1587.7
4.01411 1458.56
4.01554 1579.72
4.01697 1583.14
4.0184 1543.11
4.01983 1499.88
4.02127 1367.09
4.0227 1618.02
4.02413 1584.6
4.02556 1484.19
4.02699 1633.05
4.02842 1712.11
4.02986 1655.94
4.03129 1540.03
4.03272 1632.49
4.03415 1499.55
4.03558 1588.51
4.03701 1596.84
4.03845 1582.39
4.03988 1684.74
4.04131 1532.68
4.04274 1628.64
4.04417 1572.81
4.0456 1473.6
4.04704 1528.37
4.04847 1587.34
4.0499 1609.36
4.05133 1529.69
4.05276 1570.16
4.05419 1486
4.05563 1575.87
4.05706 1610.9
4.05849 1452.38
4.05992 1548.34
4.06135 1541.17
4.06278 1610.85
4.06422 1461.82
4.06565 1518.99
4.06708 1637.65
4.06851 1530.37
4.06994 1451.37
4.07137 1620.44
4.07281 1488.05
4.07424 1417.73
4.07567 1498.62
4.0771 1657.98
4.07853 1438.63
4.07996 1414.35
4.08139 1458.84
4.08283 1521.18
4.08426 1454.51
4.08569 1446.24
4.08712 1505.57
4.08855 1538.71
4.08998 1390.69
4.09142 1686.95
4.09285 1483.24
4.09428 1481.25
4.09571 1471.88
4.09714 1434.64
4.09857 1578.66
4.10001 1572.61
4.10144 1418.68
4.10287 1560.11
4.1043 1401.07
4.10573 1528.65
4.10716 1471.54
4.1086 1439.13
4.11003 1462.89
4.11146 1366.54
4.11289 1508.29
4.11432 1489.18
4.11575 1456.25
4.11719 1401.59
4.11862 1497.56
4.12005 1514.1
4.12148 1418.35
4.12291 1523.83
4.12434 1566.55
4.12578 1408.02
4.12721 1406.66
4.12864 1457.48
4.13007 1366.57
4.1315 1458.73
4.13293 1612.93
4.13437 1440.06
4.1358 1502.66
4.13723 1539.29
4.13866 1384
4.14009 1601.13
4.14152 1328.87
4.14296 1444.47
4.14439 1473.67
4.14582 1390.87
4.14725 1640.08
4.14868 1340.28
4.15011 1624.56
4.15155 1524.19
4.15298 1556.79
4.15441 1245.32
4.15584 1351.84
4.15727 1442.38
4.1587 1437.78
4.16013 1450.2
4.16157 1544.9
4.163 1511.51
4.16443 1465.58
4.16586 1409.05
4.16729 1507.03
4.16872 1540.56
4.17016 1440.36
4.17159 1356.31
4.17302 1447.57
4.17445 1496.1
4.17588 1423.58
4.17731 1420.78
4.17875 1337.78
4.18018 1497.66
4.18161 1464.83
4.18304 1306.58
4.18447 1434.17
4.1859 1395.82
4.18734 1355.3
4.18877 1594.07
4.1902 1365.44
4.19163 1449.65
4.19306 1489.32
4.19449 1390.77
4.19593 1340.32
4.19736 1544.25
4.19879 1585.23
4.20022 1280.25
4.20165 1287.22
4.20308 1337.71
4.20452 1533.48
4.20595 1495.91
4.20738 1462.25
4.20881 1429.3
4.21024 1300.54
4.21167 1446.19
4.21311 1475.05
4.21454 1451.97
4.21597 1564.38
4.2174 1313.88
4.21883 1446.81
4.22026 1459.11
4.2217 1415.96
4.22313 1486.88
4.22456 1544.24
4.22599 1433.98
4.22742 1424.66
4.22885 1308.12
4.23029 1388.99
4.23172 1334.56
4.23315 1476.93
4.23458 1478.11
4.23601 1376.18
4.23744 1477.47
4.23887 1347.73
4.24031 1407.58
4.24174 1368.05
4.24317 1396.6
4.2446 1457.2
4.24603 1393.43
4.24746 1337.68
4.2489 1420.81
4.25033 1298.92
4.25176 1432.12
4.25319 1351.5
4.25462 1393.62
4.25605 1403.06
4.25749 1634.64
4.25892 1311.54
4.26035 1465.8
4.26178 1243.48
4.26321 1502.62
4.26464 1341.18
4.26608 1278.51
4.26751 1468.14
4.26894 1320.94
4.27037 1311.73
4.2718 1387.18
4.27323 1409.84
4.27467 1320.8
4.2761 1439.67
4.27753 1461.26
4.27896 1333.04
4.28039 1282.64
4.28182 1443.26
4.28326 1310.21
4.28469 1340.45
4.28612 1414.48
4.28755 1460.44
4.28898 1560.55
4.29041 1340.62
