3.57143 0.866099
3.5754 0.865883
3.57937 0.866152
3.58333 0.867184
3.5873 0.862856
3.59127 0.865248
3.59524 0.857725
3.59921 0.865608
3.60317 0.8625
3.60714 0.858071
3.61111 0.863749
3.61508 0.854426
3.61905 0.856466
3.62302 0.856396
3.62698 0.855033
3.63095 0.853557
3.63492 0.859567
3.63889 0.85294
3.64286 0.855319
3.64683 0.849808
3.65079 0.849571
3.65476 0.852246
3.65873 0.850858
3.6627 0.849316
3.66667 0.847203
3.67063 0.844671
3.6746 0.847792
3.67857 0.844796
3.68254 0.843687
3.68651 0.841019
3.69048 0.841319
3.69444 0.843998
3.69841 0.830566
3.70238 0.836087
3.70635 0.836426
3.71032 0.837932
3.71429 0.835073
3.71825 0.836311
3.72222 0.829492
3.72619 0.83208
3.73016 0.834249
3.73413 0.830144
3.7381 0.831798
3.74206 0.835379
3.74603 0.829879
3.75 0.832178
3.75397 0.824874
3.75794 0.827581
3.7619 0.825537
3.76587 0.829928
3.76984 0.817616
3.77381 0.822799
3.77778 0.819364
3.78175 0.820435
3.78571 0.817972
3.78968 0.815998
3.79365 0.822879
3.79762 0.815151
3.80159 0.814572
3.80556 0.809623
3.80952 0.812859
3.81349 0.812852
3.81746 0.808011
3.82143 0.809769
3.8254 0.80678
3.82937 0.810599
3.83333 0.803687
3.8373 0.804447
3.84127 0.796341
3.84524 0.802699
3.84921 0.797137
3.85317 0.80083
3.85714 0.795156
3.86111 0.802595
3.86508 0.796237
3.86905 0.795027
3.87302 0.793921
3.87698 0.789638
3.88095 0.795871
3.88492 0.787943
3.88889 0.786994
3.89286 0.789582
3.89683 0.779876
3.90079 0.782247
3.90476 0.787245
3.90873 0.779199
3.9127 0.790601
3.91667 0.783029
3.92063 0.775408
3.9246 0.77469
3.92857 0.778791
3.93254 0.776988
3.93651 0.776493
3.94048 0.770644
3.94444 0.772785
3.94841 0.762835
3.95238 0.760582
3.95635 0.764955
3.96032 0.764861
3.96429 0.761039
3.96825 0.760833
3.97222 0.756888
3.97619 0.762427
3.98016 0.761614
3.98413 0.756585
3.9881 0.751479
3.99206 0.761108
3.99603 0.751831
4 0.754583
4.00397 0.746777
4.00794 0.749128
4.0119 0.749498
4.01587 0.749173
4.01984 0.738145
4.02381 0.744364
4.02778 0.738438
4.03175 0.744758
4.03571 0.738163
4.03968 0.733876
4.04365 0.733747
4.04762 0.730406
4.05159 0.729328
4.05556 0.730605
4.05952 0.729196
4.06349 0.723633
4.06746 0.730647
4.07143 0.722649
4.0754 0.72169
4.07937 0.731086
4.08333 0.714132
4.0873 0.716302
4.09127 0.701716
4.09524 0.718454
4.09921 0.713668
4.10317 0.717038
4.10714 0.706972
4.11111 0.705242
4.11508 0.703055
4.11905 0.691012
4.12302 0.702815
4.12698 0.698242
4.13095 0.696181
4.13492 0.696634
4.13889 0.693216
4.14286 0.693841
4.14683 0.683371
4.15079 0.685474
4.15476 0.682736
4.15873 0.678132
4.1627 0.67531
4.16667 0.682143
4.17063 0.670783
4.1746 0.678069
4.17857 0.671512
4.18254 0.664833
4.18651 0.66731
4.19048 0.657942
4.19444 0.659877
4.19841 0.653655
4.20238 0.655176
4.20635 0.650216
4.21032 0.645072
4.21429 0.649606
4.21825 0.662162
4.22222 0.644371
4.22619 0.632739
4.23016 0.637455
4.23413 0.637448
4.2381 0.63343
4.24206 0.610066
4.24603 0.639223
4.25 0.632279
4.25397 0.614457
4.25794 0.621523
4.2619 0.627745
4.26587 0.612727
4.26984 0.605371
4.27381 0.605029
4.27778 0.599086
4.28175 0.589195
4.28571 0.608109
4.28968 0.585857
4.29365 0.614387
4.29762 0.593164
4.30159 0.586042
4.30556 0.587245
4.30952 0.584528
4.31349 0.580239
4.31746 0.575317
4.32143 0.566044
4.3254 0.575171
4.32937 0.547813
4.33333 0.563187
4.3373 0.554942
4.34127 0.556805
4.34524 0.547304
4.34921 0.530525
4.35317 0.541228
4.35714 0.55159
4.36111 0.529028
4.36508 0.519346
4.36905 0.50701
4.37302 0.511614
4.37698 0.493178
4.38095 0.493461
4.38492 0.516574
4.38889 0.510139
4.39286 0.506487
4.39683 0.472447
4.40079 0.483831
4.40476 0.479621
4.40873 0.510233
4.4127 0.489429
4.41667 0.451828
4.42063 0.461795
4.4246 0.436335
4.42857 0.374044
4.43254 0.453275
4.43651 0.403348
4.44048 0.476346
4.44444 0.378219
4.44841 0.456086
4.45238 0.374386
4.45635 0.367278
4.46032 0.370787
4.46429 0.44315
4.46825 0.364404
4.47222 0.344165
4.47619 0.333196
4.48016 0.334309
4.48413 0.328045
4.4881 0.328076
4.49206 0.366323
4.49603 0.25203
4.5 0.234054
4.50397 0.276751
4.50794 0.230804
4.5119 0.254708
4.51587 0.217142
4.51984 0.248047
4.52381 0.242955
4.52778 0.213344
4.53175 0.259699
4.53571 0.222709
4.53968 0.190437
4.54365 0.221463
4.54762 0.198357
4.55159 0.180797
4.55556 0.252979
4.55952 0.23043
4.56349 0.210111
4.56746 0.156881
4.57143 0.205396
4.5754 0.196662
4.57937 0.143018
4.58333 0.16054
4.5873 0.15603
4.59127 0.123322
4.59524 0.135836
4.59921 0.135013
4.60317 0.136551
4.60714 0.128306
4.61111 0.141253
4.61508 0.137078
4.61905 0.13329
4.62302 0.140562
4.62698 0.120051
4.63095 0.113703
4.63492 0.117693
4.63889 0.115342
4.64286 0.137148
4.64683 0.108562
4.65079 0.113822
4.65476 0.117379
4.65873 0.132568
4.6627 0.105416
4.66667 0.107858
4.67063 0.120271
4.6746 0.109811
4.67857 0.114896
4.68254 0.097719
4.68651 0.115412
4.69048 0.0981341
4.69444 0.0938337
4.69841 0.086513
4.70238 0.106449
4.70635 0.109825
4.71032 0.0994629
4.71429 0.0953404
4.71825 0.0912144
4.72222 0.0918248
4.72619 0.0850551
4.73016 0.0821463
4.73413 0.0802141
4.7381 0.0729527
4.74206 0.0822335
4.74603 0.0779681
4.75 0.0769182
4.75397 0.0711112
4.75794 0.0855504
4.7619 0.0783622
4.76587 0.0854911
4.76984 0.0812919
4.77381 0.0732596
4.77778 0.0723284
4.78175 0.0830532
4.78571 0.0794399
4.78968 0.0776053
4.79365 0.0661795
4.79762 0.0812221
4.80159 0.0638079
4.80556 0.0782192
4.80952 0.0696882
4.81349 0.081522
4.81746 0.0802281
4.82143 0.0744315
4.8254 0.0735386
4.82937 0.0768973
4.83333 0.0643241
4.8373 0.0648996
4.84127 0.0703544
4.84524 0.0650879
4.84921 0.0668631
4.85317 0.0643903
4.85714 0.0626256
4.86111 0.0703474
4.86508 0.0682338
4.86905 0.0661482
4.87302 0.0604736
4.87698 0.0577741
4.88095 0.0592773
4.88492 0.0596854
4.88889 0.0594622
4.89286 0.0661621
4.89683 0.0644078
4.90079 0.0611991
4.90476 0.058953
4.90873 0.0624163
4.9127 0.0649414
4.91667 0.0586461
4.92063 0.0603097
4.9246 0.0572998
4.92857 0.0544294
4.93254 0.05866
4.93651 0.0568813
4.94048 0.0582799
4.94444 0.0601842
4.94841 0.0595459
4.95238 0.0509033
4.95635 0.0567034
4.96032 0.0638602
4.96429 0.0513986
4.96825 0.0579799
4.97222 0.0517997
4.97619 0.0595703
4.98016 0.0594866
4.98413 0.0587751
4.9881 0.0554234
4.99206 0.056393
4.99603 0.0541713
5 0.0542969
5.00397 0.0529715
5.00794 0.0567732
5.0119 0.0561733
5.01587 0.0576416
5.01984 0.0548793
5.02381 0.0526053
5.02778 0.0526332
5.03175 0.0543108
5.03571 0.053268
5.03968 0.0463135
5.04365 0.0528599
5.04762 0.0518799
5.05159 0.052996
5.05556 0.0443604
5.05952 0.0553955
5.06349 0.0526855
5.06746 0.0589983
5.07143 0.0493269
5.0754 0.049728
5.07937 0.0509452
5.08333 0.0518973
5.0873 0.0445313
5.09127 0.049707
5.09524 0.0443045
5.09921 0.0508859
5.10317 0.049578
5.10714 0.0508161
5.11111 0.045302
5.11508 0.0470703
5.11905 0.0495571
5.12302 0.0469099
5.12698 0.0471784
5.13095 0.0493862
5.13492 0.0515381
5.13889 0.0497384
5.14286 0.0483015
5.14683 0.0494315
5.15079 0.048863
5.15476 0.0503034
5.15873 0.0444894
5.1627 0.0413051
5.16667 0.043049
5.17063 0.049292
5.1746 0.0505092
5.17857 0.0452183
5.18254 0.0442732
5.18651 0.0423898
5.19048 0.0438965
5.19444 0.0458601
5.19841 0.037228
5.20238 0.0513707
5.20635 0.0454206
5.21032 0.0408796
5.21429 0.0505266
5.21825 0.0460554
5.22222 0.0406285
5.22619 0.0442069
5.23016 0.042742
5.23413 0.0412074
5.2381 0.0414097
5.24206 0.0418248
5.24603 0.0409877
5.25 0.0387451
5.25397 0.047018
5.25794 0.0426374
5.2619 0.0447475
5.26587 0.0430594
5.26984 0.0416609
5.27381 0.0444371
5.27778 0.0418631
5.28175 0.0430525
5.28571 0.040775
5.28968 0.038787
5.29365 0.0408761
5.29762 0.0381243
5.30159 0.040053
5.30556 0.0388986
5.30952 0.0454415
5.31349 0.0390625
5.31746 0.0451172
5.32143 0.0397531
5.3254 0.0365583
5.32937 0.040339
5.33333 0.0383405
5.3373 0.0398717
5.34127 0.0427525
5.34524 0.0396519
5.34921 0.0402972
5.35317 0.0406669
5.35714 0.0410958
5.36111 0.0389125
5.36508 0.0398263
5.36905 0.040475
5.37302 0.0407436
5.37698 0.0394427
5.38095 0.0398158
5.38492 0.0373047
5.38889 0.0422294
5.39286 0.0400077
5.39683 0.040339
5.40079 0.0352888
5.40476 0.039495
5.40873 0.0391392
5.4127 0.0432826
5.41667 0.038494
5.42063 0.0349051
5.4246 0.0402169
5.42857 0.0388009
5.43254 0.0366595
5.43651 0.0379429
5.44048 0.0351772
5.44444 0.0386335
5.44841 0.0419573
5.45238 0.0394915
5.45635 0.0364851
5.46032 0.0404611
5.46429 0.0434396
5.46825 0.0381906
5.47222 0.041891
5.47619 0.0363525
5.48016 0.0356759
5.48413 0.0349714
5.4881 0.0371617
5.49206 0.039481
5.49603 0.042327
5.5 0.0348389
5.50397 0.0390555
5.50794 0.0376395
5.5119 0.0376186
5.51587 0.0355294
5.51984 0.0386579
5.52381 0.0325684
5.52778 0.0359061
5.53175 0.0383371
5.53571 0.0339879
5.53968 0.039216
5.54365 0.0390276
5.54762 0.0360526
5.55159 0.039917
