3.57143 0.867098
3.5754 0.866096
3.57937 0.865065
3.58333 0.864453
3.5873 0.863746
3.59127 0.861989
3.59524 0.862605
3.59921 0.862681
3.60317 0.860072
3.60714 0.860544
3.61111 0.859178
3.61508 0.858545
3.61905 0.857503
3.62302 0.85724
3.62698 0.856036
3.63095 0.854816
3.63492 0.854011
3.63889 0.852185
3.64286 0.852515
3.64683 0.851903
3.65079 0.850615
3.65476 0.849755
3.65873 0.849394
3.6627 0.846727
3.66667 0.847056
3.67063 0.84764
3.6746 0.845959
3.67857 0.842634
3.68254 0.844259
3.68651 0.843243
3.69048 0.843141
3.69444 0.839398
3.69841 0.841379
3.70238 0.839137
3.70635 0.839475
3.71032 0.838992
3.71429 0.836499
3.71825 0.836416
3.72222 0.835137
3.72619 0.832621
3.73016 0.83383
3.73413 0.831509
3.7381 0.831508
3.74206 0.828734
3.74603 0.82796
3.75 0.828172
3.75397 0.826485
3.75794 0.826454
3.7619 0.824772
3.76587 0.824408
3.76984 0.823379
3.77381 0.821494
3.77778 0.819921
3.78175 0.821143
3.78571 0.81899
3.78968 0.818684
3.79365 0.815435
3.79762 0.816208
3.80159 0.814241
3.80556 0.813523
3.80952 0.811749
3.81349 0.809841
3.81746 0.812069
3.82143 0.80691
3.8254 0.807988
3.82937 0.806141
3.83333 0.806107
3.8373 0.80528
3.84127 0.804559
3.84524 0.800784
3.84921 0.801736
3.85317 0.799448
3.85714 0.798145
3.86111 0.796554
3.86508 0.797763
3.86905 0.793824
3.87302 0.793075
3.87698 0.790921
3.88095 0.789677
3.88492 0.785042
3.88889 0.788878
3.89286 0.787996
3.89683 0.786494
3.90079 0.787169
3.90476 0.785599
3.90873 0.783274
3.9127 0.780481
3.91667 0.780885
3.92063 0.778931
3.9246 0.777063
3.92857 0.775694
3.93254 0.775121
3.93651 0.773382
3.94048 0.770062
3.94444 0.770714
3.94841 0.767513
3.95238 0.769407
3.95635 0.765785
3.96032 0.767192
3.96429 0.764168
3.96825 0.763708
3.97222 0.762527
3.97619 0.757837
3.98016 0.758868
3.98413 0.756289
3.9881 0.755813
3.99206 0.75269
3.99603 0.753528
4 0.751267
4.00397 0.750748
4.00794 0.74685
4.0119 0.747332
4.01587 0.748095
4.01984 0.74372
4.02381 0.741404
4.02778 0.738673
4.03175 0.740292
4.03571 0.733501
4.03968 0.734058
4.04365 0.734842
4.04762 0.7332
4.05159 0.731518
4.05556 0.729437
4.05952 0.729142
4.06349 0.725093
4.06746 0.725143
4.07143 0.722121
4.0754 0.717352
4.07937 0.722384
4.08333 0.720277
4.0873 0.715718
4.09127 0.711087
4.09524 0.709601
4.09921 0.712537
4.10317 0.710643
4.10714 0.704551
4.11111 0.706436
4.11508 0.69911
4.11905 0.701104
4.12302 0.698991
4.12698 0.696183
4.13095 0.693977
4.13492 0.692761
4.13889 0.692453
4.14286 0.691573
4.14683 0.687217
4.15079 0.685124
4.15476 0.688816
4.15873 0.679698
4.1627 0.679204
4.16667 0.67431
4.17063 0.674265
4.1746 0.674864
4.17857 0.669526
4.18254 0.666302
4.18651 0.667294
4.19048 0.659773
4.19444 0.663314
4.19841 0.664231
4.20238 0.654789
4.20635 0.65188
4.21032 0.65082
4.21429 0.643583
4.21825 0.650188
4.22222 0.641707
4.22619 0.63805
4.23016 0.639658
4.23413 0.63879
4.2381 0.634512
4.24206 0.629047
4.24603 0.627289
4.25 0.626066
4.25397 0.617291
4.25794 0.619424
4.2619 0.619014
4.26587 0.609461
4.26984 0.610251
4.27381 0.608144
4.27778 0.608946
4.28175 0.600202
4.28571 0.602658
4.28968 0.594919
4.29365 0.589167
4.29762 0.58714
4.30159 0.580152
4.30556 0.57762
4.30952 0.58456
4.31349 0.578961
4.31746 0.576215
4.32143 0.5616
4.3254 0.565736
4.32937 0.55961
4.33333 0.556689
4.3373 0.560162
4.34127 0.552972
4.34524 0.550987
4.34921 0.539545
4.35317 0.538004
4.35714 0.534499
4.36111 0.527539
4.36508 0.527567
4.36905 0.522546
4.37302 0.53151
4.37698 0.507354
4.38095 0.511191
4.38492 0.504661
4.38889 0.493812
4.39286 0.490726
4.39683 0.47464
4.40079 0.490493
4.40476 0.475047
4.40873 0.479737
4.4127 0.482646
4.41667 0.459173
4.42063 0.443658
4.4246 0.448639
4.42857 0.424586
4.43254 0.434669
4.43651 0.456158
4.44048 0.415223
4.44444 0.413586
4.44841 0.401004
4.45238 0.399792
4.45635 0.395411
4.46032 0.377457
4.46429 0.384176
4.46825 0.359798
4.47222 0.33203
4.47619 0.332146
4.48016 0.3203
4.48413 0.349732
4.4881 0.334475
4.49206 0.274622
4.49603 0.222521
4.5 0.296579
4.50397 0.247038
4.50794 0.22382
4.5119 0.164532
4.51587 0.204214
4.51984 0.111543
4.52381 0.117186
4.52778 0.113126
4.53175 0.0937958
4.53571 0.103325
4.53968 0.126633
4.54365 0.0910666
4.54762 0.0688952
4.55159 0.104518
4.55556 0.0717599
4.55952 0.0752472
4.56349 0.0695138
4.56746 0.0802102
4.57143 0.0682643
4.5754 0.060529
4.57937 0.0606921
4.58333 0.0519549
4.5873 0.0538823
4.59127 0.0647849
4.59524 0.0506247
4.59921 0.056934
4.60317 0.0542201
4.60714 0.0479109
4.61111 0.0545375
4.61508 0.043202
4.61905 0.049214
4.62302 0.04854
4.62698 0.0407022
4.63095 0.042334
4.63492 0.0409533
4.63889 0.0427359
4.64286 0.0405029
4.64683 0.0490217
4.65079 0.037374
4.65476 0.0408077
4.65873 0.0363857
4.6627 0.0363865
4.66667 0.0393302
4.67063 0.0429888
4.6746 0.0371944
4.67857 0.0326032
4.68254 0.0321206
4.68651 0.0356711
4.69048 0.0338148
4.69444 0.0352757
4.69841 0.0350686
4.70238 0.033514
4.70635 0.0347316
4.71032 0.0316825
4.71429 0.0280792
4.71825 0.0347168
4.72222 0.0314994
4.72619 0.0331735
4.73016 0.0303201
4.73413 0.0263118
4.7381 0.0332563
4.74206 0.0298867
4.74603 0.0292123
4.75 0.0277714
4.75397 0.0304766
4.75794 0.0306218
4.7619 0.029112
4.76587 0.031202
4.76984 0.0273407
4.77381 0.0270499
4.77778 0.0271676
4.78175 0.0262059
4.78571 0.0287083
4.78968 0.0287022
4.79365 0.0259574
4.79762 0.0252943
4.80159 0.0273224
4.80556 0.0255001
4.80952 0.0262434
4.81349 0.0282122
4.81746 0.0257119
4.82143 0.0273093
4.8254 0.0239293
4.82937 0.0273206
4.83333 0.0265407
4.8373 0.0210781
4.84127 0.0259203
4.84524 0.0240431
4.84921 0.0238826
4.85317 0.0230486
4.85714 0.0240744
4.86111 0.0243182
4.86508 0.0217765
4.86905 0.0227517
4.87302 0.0234471
4.87698 0.0237388
4.88095 0.0185856
4.88492 0.0210554
4.88889 0.0216801
4.89286 0.0211831
4.89683 0.0208457
4.90079 0.0185503
4.90476 0.0217939
4.90873 0.0213963
4.9127 0.0217346
4.91667 0.0207284
4.92063 0.0208631
4.9246 0.0208165
4.92857 0.0201499
4.93254 0.0215681
4.93651 0.0208527
4.94048 0.0201067
4.94444 0.0217595
4.94841 0.021102
4.95238 0.0192357
4.95635 0.0198508
4.96032 0.0182526
4.96429 0.0196511
4.96825 0.0198002
4.97222 0.0223014
4.97619 0.0202741
4.98016 0.0196581
4.98413 0.0192492
4.9881 0.0189475
4.99206 0.0234144
4.99603 0.0199097
5 0.0204202
5.00397 0.018379
5.00794 0.0201425
5.0119 0.0189911
5.01587 0.0194061
5.01984 0.0172381
5.02381 0.0182931
5.02778 0.0196572
5.03175 0.0174007
5.03571 0.0187238
5.03968 0.0201473
5.04365 0.0181484
5.04762 0.0175132
5.05159 0.0184239
5.05556 0.0172564
5.05952 0.0194768
5.06349 0.0187369
5.06746 0.0156581
5.07143 0.017906
5.0754 0.0188075
5.07937 0.0182225
5.08333 0.0164028
5.0873 0.018988
5.09127 0.0170079
5.09524 0.0175175
5.09921 0.0178279
5.10317 0.0160863
5.10714 0.0166207
5.11111 0.0156551
5.11508 0.0166936
5.11905 0.0180485
5.12302 0.016391
5.12698 0.0184047
5.13095 0.0156987
5.13492 0.0178925
5.13889 0.0174652
5.14286 0.0155055
5.14683 0.0170231
5.15079 0.0180311
5.15476 0.0151472
5.15873 0.0158282
5.1627 0.018444
5.16667 0.0170157
5.17063 0.0160557
5.1746 0.0166587
5.17857 0.0168631
5.18254 0.0167341
5.18651 0.0147143
5.19048 0.0161381
5.19444 0.0155975
5.19841 0.0157397
5.20238 0.0177774
5.20635 0.0158404
5.21032 0.0152501
5.21429 0.0162685
5.21825 0.0156437
5.22222 0.0141423
5.22619 0.0140969
5.23016 0.0148769
5.23413 0.0157793
5.2381 0.0154306
5.24206 0.0150325
5.24603 0.0132254
5.25 0.0171439
5.25397 0.0162898
5.25794 0.0162859
5.2619 0.0139832
5.26587 0.0134552
5.26984 0.0150024
5.27381 0.0132407
5.27778 0.0143947
5.28175 0.0136405
5.28571 0.0141126
5.28968 0.0140616
5.29365 0.0151084
5.29762 0.0161377
5.30159 0.0147592
5.30556 0.0159062
5.30952 0.0146585
5.31349 0.015652
5.31746 0.0145281
5.32143 0.0144039
5.3254 0.0138724
5.32937 0.0142949
5.33333 0.01396
5.3373 0.0141432
5.34127 0.0157584
5.34524 0.0146824
5.34921 0.0125371
5.35317 0.01633
5.35714 0.0137796
5.36111 0.0147544
5.36508 0.0146253
5.36905 0.0128261
5.37302 0.0135241
5.37698 0.014944
5.38095 0.0136605
5.38492 0.0127476
5.38889 0.0143032
5.39286 0.0135341
5.39683 0.0141715
5.40079 0.0122589
5.40476 0.0142617
5.40873 0.0130672
5.4127 0.0150068
5.41667 0.0137739
5.42063 0.013184
5.4246 0.0134077
5.42857 0.014076
5.43254 0.0131622
5.43651 0.0136597
5.44048 0.0139609
5.44444 0.0136431
5.44841 0.0165401
5.45238 0.0154576
5.45635 0.0126325
5.46032 0.0123199
5.46429 0.0133153
5.46825 0.0132241
5.47222 0.0145059
5.47619 0.013007
5.48016 0.014835
5.48413 0.0150382
5.4881 0.013463
5.49206 0.013668
5.49603 0.0150378
5.5 0.0120793
5.50397 0.0119568
5.50794 0.0133331
5.5119 0.0137469
5.51587 0.0116677
5.51984 0.0136832
5.52381 0.012548
5.52778 0.0139919
5.53175 0.0120287
5.53571 0.0130676
5.53968 0.0118073
5.54365 0.0138079
5.54762 0.01136
5.55159 0.0133262
