3.57143 1865.62
3.5754 2213.28
3.57937 3614.66
3.58333 2334.94
3.5873 1832.79
3.59127 2379.14
3.59524 2103.97
3.59921 2100.49
3.60317 3034.27
3.60714 2504.14
3.61111 1729.65
3.61508 2781.67
3.61905 2635.14
3.62302 3884.65
3.62698 2763.64
3.63095 2150.94
3.63492 2485.7
3.63889 2652.36
3.64286 2646.05
3.64683 3685.71
3.65079 2853.55
3.65476 4119.7
3.65873 2231.73
3.6627 2459.99
3.66667 4650.89
3.67063 3191.49
3.6746 3238
3.67857 2612.6
3.68254 3215.25
3.68651 3385.88
3.69048 3553.68
3.69444 3376.31
3.69841 3766
3.70238 4210.34
3.70635 3495.83
3.71032 2960.94
3.71429 3723.62
3.71825 2973.35
3.72222 3244.24
3.72619 3858.7
3.73016 3440.71
3.73413 4822.7
3.7381 4309.28
3.74206 3058.03
3.74603 5065.54
3.75 3982.04
3.75397 4351.53
3.75794 4022.52
3.7619 5080.1
3.76587 2669.48
3.76984 4023.46
3.77381 4693.25
3.77778 5346.96
3.78175 3064.01
3.78571 3511.11
3.78968 4041.35
3.79365 3294.76
3.79762 5792.58
3.80159 3647.94
3.80556 5027.47
3.80952 4520.95
3.81349 6432.23
3.81746 6167.02
3.82143 5064.62
3.8254 5246.59
3.82937 4564.78
3.83333 4526.3
3.8373 5541.8
3.84127 6644.85
3.84524 5835.41
3.84921 7061.91
3.85317 6565.96
3.85714 4201.4
3.86111 4970.64
3.86508 5281.54
3.86905 4420.16
3.87302 5063.1
3.87698 6024.93
3.88095 4766.67
3.88492 6066.43
3.88889 5219.92
3.89286 6827.61
3.89683 4939.29
3.90079 5648.51
3.90476 6184.86
3.90873 8019.67
3.9127 7358
3.91667 6453.72
3.92063 6592.08
3.9246 7805.55
3.92857 8218.31
3.93254 10708.8
3.93651 5122.08
3.94048 5623.72
3.94444 8816.26
3.94841 6915.16
3.95238 6462.54
3.95635 5451.56
3.96032 7538.93
3.96429 8648.84
3.96825 6303.18
3.97222 8810.67
3.97619 9517.16
3.98016 7579.07
3.98413 10648.4
3.9881 5741.2
3.99206 8173.04
3.99603 7988.86
4 7571.86
4.00397 8420.67
4.00794 8831.07
4.0119 6250.68
4.01587 6672.05
4.01984 13335.5
4.02381 9882.25
4.02778 8541.39
4.03175 9140.78
4.03571 5396.85
4.03968 9935.11
4.04365 8165.84
4.04762 7887.82
4.05159 10165
4.05556 8430.29
4.05952 7003.3
4.06349 8389.49
4.06746 9037.67
4.07143 10044.5
4.0754 9333.4
4.07937 10064.6
4.08333 12805.2
4.0873 8590.28
4.09127 11482.9
4.09524 11683.4
4.09921 10727.9
4.10317 12892.1
4.10714 11640.7
4.11111 9473.81
4.11508 16391.5
4.11905 11961.9
4.12302 11195
4.12698 8720.74
4.13095 10663.2
4.13492 16043.4
4.13889 12158.9
4.14286 11494
4.14683 15023.7
4.15079 16021.4
4.15476 15215.2
4.15873 17288.1
4.1627 16165.9
4.16667 11963.7
4.17063 17123.5
4.1746 11498.7
4.17857 19888
4.18254 22604.3
4.18651 11426.2
4.19048 21367.3
4.19444 13352.7
4.19841 26381.2
4.20238 13032.1
4.20635 25391.7
4.21032 25931.7
4.21429 14968.4
4.21825 19377
4.22222 24551.3
4.22619 15134.6
4.23016 17692.8
4.23413 21633.7
4.2381 22839.5
4.24206 23063.5
4.24603 17385.8
4.25 15766.2
4.25397 21747.8
4.25794 22241.7
4.2619 13716.2
4.26587 27598.9
4.26984 20064.9
4.27381 27248.4
4.27778 36610.9
4.28175 14909.6
4.28571 21300.6
4.28968 29947.5
4.29365 22028.1
4.29762 24950.2
4.30159 24452.6
4.30556 36295.7
4.30952 40371.7
4.31349 30367.1
4.31746 24782.1
4.32143 29735
4.3254 32638.1
4.32937 35378.1
4.33333 37170.9
4.3373 52023.7
4.34127 54630.8
4.34524 62067.5
4.34921 64670.5
4.35317 61052.8
4.35714 29739.9
4.36111 48155
4.36508 45119.9
4.36905 49561.7
4.37302 71091.9
4.37698 60006.9
4.38095 39310.9
4.38492 51509.9
4.38889 65384.4
4.39286 44747
4.39683 59916.6
4.40079 84818.1
4.40476 69258.3
4.40873 39289.9
4.4127 84336.9
4.41667 125828
4.42063 54993.6
4.4246 140410
4.42857 267809
4.43254 133335
4.43651 164929
4.44048 92380.7
4.44444 338297
4.44841 115931
4.45238 273593
4.45635 196407
4.46032 269536
4.46429 98556.3
4.46825 192109
4.47222 298770
4.47619 156326
4.48016 249058
4.48413 198328
4.4881 234599
4.49206 154485
4.49603 223652
4.5 253417
4.50397 263181
4.50794 255619
4.5119 207228
4.51587 188753
4.51984 229731
4.52381 277225
4.52778 194010
4.53175 238051
4.53571 231616
4.53968 206909
4.54365 250905
4.54762 242739
4.55159 194781
4.55556 263461
4.55952 249027
4.56349 206857
4.56746 137224
4.57143 175628
4.5754 200819
4.57937 130149
4.58333 186672
4.5873 140690
4.59127 154893
4.59524 140705
4.59921 105439
4.60317 143281
4.60714 121472
4.61111 169454
4.61508 117859
4.61905 165136
4.62302 137920
4.62698 115056
4.63095 113016
4.63492 112213
4.63889 95568.7
4.64286 138609
4.64683 98927.1
4.65079 135056
4.65476 108848
4.65873 96347
4.6627 82057.5
4.66667 108385
4.67063 104704
4.6746 108144
4.67857 97118.9
4.68254 103172
4.68651 122644
4.69048 94129.1
4.69444 74839
4.69841 64951.5
4.70238 109229
4.70635 90236.1
4.71032 77169.5
4.71429 92782.3
4.71825 87547.1
4.72222 80001.8
4.72619 89768.1
4.73016 66161.9
4.73413 61324.1
4.7381 54941.7
4.74206 60378.7
4.74603 62035.7
4.75 52436.3
4.75397 37982.6
4.75794 87145.6
4.7619 59571.7
4.76587 59045.8
4.76984 54314.7
4.77381 58344.8
4.77778 52984.8
4.78175 57498.8
4.78571 52824.2
4.78968 58291.7
4.79365 36023
4.79762 58560
4.80159 36560.6
4.80556 53676
4.80952 41855.4
4.81349 55839
4.81746 49403.9
4.82143 49280.2
4.8254 48661
4.82937 43510.6
4.83333 44572.6
4.8373 38523.3
4.84127 40029.9
4.84524 46963.6
4.84921 33440
4.85317 35809.5
4.85714 36952.7
4.86111 37882.2
4.86508 39260.4
4.86905 41142.8
4.87302 43106.4
4.87698 31081.2
4.88095 41190.7
4.88492 39791
4.88889 34391.8
4.89286 36352.7
4.89683 29919.9
4.90079 39207.7
4.90476 30221.3
4.90873 29487.3
4.9127 33389.4
4.91667 39642.6
4.92063 31019.5
4.9246 27220.6
4.92857 23606
4.93254 34130.2
4.93651 33391.7
4.94048 28894.7
4.94444 28564.4
4.94841 33351.9
4.95238 27943.7
4.95635 30942.1
4.96032 31297.3
4.96429 28202.1
4.96825 35476.1
4.97222 29496.9
4.97619 39266.2
4.98016 31190.5
4.98413 33240.4
4.9881 27109.6
4.99206 34089.6
4.99603 27219.6
5 34084.6
5.00397 26640.1
5.00794 23409.4
5.0119 31470.3
5.01587 26876.8
5.01984 26671
5.02381 26305.6
5.02778 29497.2
5.03175 24912.4
5.03571 28293.4
5.03968 18734
5.04365 22242.4
5.04762 27228.7
5.05159 25848.9
5.05556 21863.7
5.05952 29878.7
5.06349 32359
5.06746 37023.5
5.07143 22878.9
5.0754 24343.3
5.07937 20915.7
5.08333 20424.7
5.0873 21109.8
5.09127 21062
5.09524 22817.6
5.09921 27955.1
5.10317 22014.9
5.10714 24918.3
5.11111 22149.1
5.11508 19588.9
5.11905 24389.9
5.12302 19284.5
5.12698 15840.1
5.13095 24388.5
5.13492 24628.3
5.13889 23533.9
5.14286 26026
5.14683 25824
5.15079 20282.2
5.15476 24512.7
5.15873 16194.6
5.1627 20679.2
5.16667 21430
5.17063 25901.5
5.1746 23842.8
5.17857 21170.3
5.18254 24492.4
5.18651 15520.4
5.19048 18492.5
5.19444 20012.9
5.19841 11163
5.20238 21556
5.20635 17848.1
5.21032 16165.5
5.21429 22587.3
5.21825 19239.6
5.22222 15025.7
5.22619 20242
5.23016 15926.8
5.23413 20659.6
5.2381 20266.9
5.24206 15521.5
5.24603 15897.9
5.25 14552.2
5.25397 19139.7
5.25794 16211.7
5.2619 19203.8
5.26587 18768.7
5.26984 13285.8
5.27381 16084.9
5.27778 21263.9
5.28175 15697.6
5.28571 19812.9
5.28968 13180.3
5.29365 15011.1
5.29762 14595.1
5.30159 18036.5
5.30556 13483.9
5.30952 16063.4
5.31349 13471.7
5.31746 17383
5.32143 14089.2
5.3254 14362.6
5.32937 14828.6
5.33333 13978.9
5.3373 16161.5
5.34127 16878.7
5.34524 14523.7
5.34921 15892.6
5.35317 16605
5.35714 16005
5.36111 14279.7
5.36508 14866
5.36905 17467.2
5.37302 14235.7
5.37698 14581.8
5.38095 15864.6
5.38492 15200.8
5.38889 13784.1
5.39286 10835.6
5.39683 14159.2
5.40079 10904
5.40476 16375.9
5.40873 15920.2
5.4127 21319.3
5.41667 15196.3
5.42063 14119
5.4246 13646
5.42857 13036.8
5.43254 10522
5.43651 13830
5.44048 10490.5
5.44444 12684.5
5.44841 16130.7
5.45238 13077.7
5.45635 13297.6
5.46032 15931
5.46429 14875.8
5.46825 10645.1
5.47222 16406.1
5.47619 12979.2
5.48016 14311.8
5.48413 11664.3
5.4881 14475.2
5.49206 13908.8
5.49603 14963.2
5.5 11356.1
5.50397 14825.3
5.50794 11720.5
5.5119 11509.5
5.51587 12376.5
5.51984 13955.9
5.52381 9231.7
5.52778 12707.7
5.53175 15789.2
5.53571 12265.3
5.53968 13648.7
5.54365 14773.1
5.54762 13705.5
5.55159 14804.8
