3.57143 24657.6
3.5754 20633.9
3.57937 21702.6
3.58333 22300.6
3.5873 20128.5
3.59127 19938.4
3.59524 19520
3.59921 18772.3
3.60317 26579.8
3.60714 27795.8
3.61111 31244.5
3.61508 28581.1
3.61905 21686.3
3.62302 24752.2
3.62698 22788
3.63095 16737.4
3.63492 27405.2
3.63889 18847.7
3.64286 25059.9
3.64683 23365.1
3.65079 28495
3.65476 31972
3.65873 20548.5
3.6627 25172.9
3.66667 30831
3.67063 24220.3
3.6746 22539.3
3.67857 27770.3
3.68254 26204.4
3.68651 25951.1
3.69048 24076.3
3.69444 28359.4
3.69841 28054.1
3.70238 43341
3.70635 25952.5
3.71032 29751.1
3.71429 33646.6
3.71825 25247
3.72222 23497.3
3.72619 29483.9
3.73016 40154.3
3.73413 30298.6
3.7381 34060.5
3.74206 25363.5
3.74603 30513.5
3.75 27043.2
3.75397 34104.6
3.75794 28999.8
3.7619 30218
3.76587 22736.6
3.76984 38195.2
3.77381 26280.9
3.77778 27505.1
3.78175 30705.7
3.78571 38214.9
3.78968 33693.3
3.79365 47516.3
3.79762 33762.9
3.80159 51811.3
3.80556 29380.3
3.80952 37794.1
3.81349 42821.7
3.81746 38538.6
3.82143 41966.7
3.8254 33131.5
3.82937 35902.8
3.83333 37434.4
3.8373 51599.5
3.84127 44359.7
3.84524 30909.6
3.84921 25717.3
3.85317 39793.2
3.85714 39322.2
3.86111 58451.6
3.86508 34357.3
3.86905 41282.6
3.87302 36581
3.87698 47162.2
3.88095 69431.9
3.88492 28129.8
3.88889 51837.4
3.89286 46672.8
3.89683 40803
3.90079 59869.9
3.90476 42152.9
3.90873 39102.8
3.9127 45175.3
3.91667 46934.7
3.92063 56212.9
3.9246 56478.9
3.92857 55817.4
3.93254 37096.7
3.93651 43206.5
3.94048 73934.7
3.94444 71097.3
3.94841 45286.4
3.95238 64463.2
3.95635 46777.1
3.96032 57259.2
3.96429 55755.8
3.96825 86010.3
3.97222 79031
3.97619 68642.5
3.98016 53523.4
3.98413 47584.3
3.9881 65384.8
3.99206 56953.8
3.99603 55143.3
4 52104.3
4.00397 74520.3
4.00794 66813.7
4.0119 53215.6
4.01587 39506
4.01984 67824.3
4.02381 85323.4
4.02778 79696.9
4.03175 88126.4
4.03571 75443
4.03968 64540.1
4.04365 60992.6
4.04762 92570.4
4.05159 75104.3
4.05556 83970.5
4.05952 70594.9
4.06349 129687
4.06746 50166.4
4.07143 97464.1
4.0754 90826.7
4.07937 70337.5
4.08333 82117.1
4.0873 96463
4.09127 111252
4.09524 100622
4.09921 77221.6
4.10317 74534.2
4.10714 76644.1
4.11111 100234
4.11508 78254.7
4.11905 80121
4.12302 103606
4.12698 101583
4.13095 60608.5
4.13492 138518
4.13889 85559.7
4.14286 68113.6
4.14683 105638
4.15079 100281
4.15476 63772.4
4.15873 89955.4
4.1627 180652
4.16667 132402
4.17063 191840
4.1746 141085
4.17857 114366
4.18254 173133
4.18651 149948
4.19048 135034
4.19444 113902
4.19841 100943
4.20238 126930
4.20635 115147
4.21032 147981
4.21429 99692.1
4.21825 142342
4.22222 214090
4.22619 209050
4.23016 196501
4.23413 135011
4.2381 209466
4.24206 155868
4.24603 213418
4.25 155185
4.25397 167093
4.25794 237114
4.2619 238182
4.26587 207893
4.26984 250339
4.27381 211829
4.27778 184252
4.28175 187842
4.28571 198502
4.28968 208057
4.29365 224031
4.29762 272439
4.30159 175448
4.30556 265931
4.30952 253133
4.31349 371772
4.31746 261796
4.32143 341744
4.3254 383112
4.32937 473839
4.33333 195935
4.3373 317126
4.34127 416782
4.34524 301999
4.34921 650201
4.35317 275525
4.35714 365187
4.36111 582837
4.36508 443165
4.36905 291728
4.37302 373822
4.37698 906367
4.38095 408345
4.38492 404071
4.38889 567064
4.39286 642508
4.39683 949100
4.40079 708215
4.40476 791005
4.40873 796666
4.4127 679261
4.41667 855015
4.42063 1.40746e+06
4.4246 655337
4.42857 1.37573e+06
4.43254 821095
4.43651 591033
4.44048 1.08862e+06
4.44444 1.03758e+06
4.44841 1.11574e+06
4.45238 1.41616e+06
4.45635 855868
4.46032 1.37552e+06
4.46429 957349
4.46825 2.01717e+06
4.47222 3.7504e+06
4.47619 4.35615e+06
4.48016 2.31585e+06
4.48413 1.83505e+06
4.4881 1.22451e+06
4.49206 1.15626e+07
4.49603 1.15748e+07
4.5 4.42535e+06
4.50397 5.69857e+06
4.50794 1.06408e+07
4.5119 1.07875e+07
4.51587 6.66369e+06
4.51984 4.57093e+06
4.52381 5.55321e+06
4.52778 5.40818e+06
4.53175 4.64888e+06
4.53571 4.35329e+06
4.53968 6.42182e+06
4.54365 4.89138e+06
4.54762 2.52173e+06
4.55159 4.12242e+06
4.55556 2.69884e+06
4.55952 2.74438e+06
4.56349 2.31364e+06
4.56746 3.32421e+06
4.57143 3.07928e+06
4.5754 2.02167e+06
4.57937 1.90605e+06
4.58333 1.88784e+06
4.5873 1.74505e+06
4.59127 1.95676e+06
4.59524 1.42595e+06
4.59921 2.5672e+06
4.60317 1.4499e+06
4.60714 1.45833e+06
4.61111 1.58206e+06
4.61508 1.18304e+06
4.61905 1.25194e+06
4.62302 1.39499e+06
4.62698 1.03637e+06
4.63095 955731
4.63492 1.13271e+06
4.63889 1.17823e+06
4.64286 1.01286e+06
4.64683 1.5052e+06
4.65079 733814
4.65476 999555
4.65873 844923
4.6627 781419
4.66667 1.01303e+06
4.67063 963372
4.6746 804201
4.67857 794621
4.68254 550594
4.68651 778722
4.69048 763872
4.69444 756929
4.69841 736048
4.70238 626080
4.70635 663525
4.71032 688403
4.71429 526213
4.71825 845072
4.72222 601758
4.72619 694798
4.73016 486040
4.73413 463408
4.7381 724765
4.74206 580627
4.74603 544401
4.75 492882
4.75397 525157
4.75794 468407
4.7619 453146
4.76587 549866
4.76984 416444
4.77381 456509
4.77778 412973
4.78175 471403
4.78571 446038
4.78968 468157
4.79365 373566
4.79762 347205
4.80159 419680
4.80556 344227
4.80952 383727
4.81349 421596
4.81746 418886
4.82143 529013
4.8254 389504
4.82937 466737
4.83333 363696
4.8373 327656
4.84127 377945
4.84524 412228
4.84921 316385
4.85317 337779
4.85714 344929
4.86111 379365
4.86508 295707
4.86905 309430
4.87302 320091
4.87698 391207
4.88095 239580
4.88492 241522
4.88889 273493
4.89286 266645
4.89683 271758
4.90079 227958
4.90476 291499
4.90873 278693
4.9127 326153
4.91667 265863
4.92063 282588
4.9246 227397
4.92857 258364
4.93254 402597
4.93651 313230
4.94048 245419
4.94444 256652
4.94841 252007
4.95238 237314
4.95635 255104
4.96032 201553
4.96429 310805
4.96825 246308
4.97222 279824
4.97619 256354
4.98016 261367
4.98413 212662
4.9881 189530
4.99206 281354
4.99603 231953
5 205501
5.00397 178857
5.00794 230503
5.0119 179675
5.01587 223751
5.01984 179864
5.02381 203390
5.02778 248094
5.03175 206927
5.03571 208639
5.03968 240854
5.04365 222275
5.04762 193764
5.05159 276022
5.05556 208021
5.05952 212900
5.06349 177208
5.06746 155793
5.07143 157935
5.0754 227549
5.07937 204752
5.08333 150741
5.0873 203425
5.09127 175318
5.09524 221499
5.09921 166657
5.10317 167186
5.10714 165791
5.11111 153108
5.11508 206652
5.11905 157872
5.12302 174799
5.12698 228715
5.13095 193589
5.13492 169672
5.13889 178650
5.14286 138848
5.14683 203635
5.15079 204741
5.15476 172514
5.15873 172413
5.1627 178114
5.16667 171067
5.17063 168037
5.1746 153725
5.17857 185214
5.18254 182024
5.18651 170023
5.19048 137495
5.19444 181784
5.19841 125070
5.20238 181862
5.20635 141448
5.21032 126687
5.21429 157992
5.21825 132919
5.22222 120846
5.22619 154622
5.23016 133202
5.23413 146200
5.2381 145849
5.24206 147112
5.24603 126961
5.25 158434
5.25397 135113
5.25794 168394
5.2619 127815
5.26587 130477
5.26984 124437
5.27381 109825
5.27778 111346
5.28175 89978.2
5.28571 124626
5.28968 136167
5.29365 169499
5.29762 150994
5.30159 140419
5.30556 155978
5.30952 133811
5.31349 127769
5.31746 109725
5.32143 136511
5.3254 99487
5.32937 126203
5.33333 95811.1
5.3373 117268
5.34127 126346
5.34524 141058
5.34921 115981
5.35317 128131
5.35714 129655
5.36111 112703
5.36508 108706
5.36905 96273.8
5.37302 104227
5.37698 111241
5.38095 101488
5.38492 128987
5.38889 106791
5.39286 114664
5.39683 108546
5.40079 109921
5.40476 130291
5.40873 114119
5.4127 133933
5.41667 109167
5.42063 107241
5.4246 105363
5.42857 136809
5.43254 103727
5.43651 146257
5.44048 121910
5.44444 118270
5.44841 147481
5.45238 102258
5.45635 88782.2
5.46032 108129
5.46429 94278.6
5.46825 115486
5.47222 116804
5.47619 117941
5.48016 123251
5.48413 124789
5.4881 98623.3
5.49206 100727
5.49603 117879
5.5 91890
5.50397 84493.3
5.50794 93703.1
5.5119 111959
5.51587 79231.7
5.51984 110328
5.52381 75018.1
5.52778 115566
5.53175 80133.5
5.53571 99796
5.53968 106924
5.54365 109977
5.54762 110824
5.55159 106338
